50552540
40000000
00000001
20343033
30020022
02044545
45422320
20200340
43454304
24444533
23220324
42403343
22000002
34234332
44444333
24402200
23333440
32323420
00003333
20030334
44443434
20333434
43454650
54333223
03320003
33003320
30023022
22000200
04002003
20233303
32032002
24542303
34000000
00000041
44044544
43222344
43320343
42303440
22034443
42033234
44432222
03422433
23440033
43233034
44424324
40303243
02343030
43030233
30322240
33330222
04332333
42033032
32340203
33304504
50300002
02353352
54252320
23340433
52042402
23402435
50444342
34404245
35323033
33000000
00000059
24044433
53342242
02220402
43402324
33044443
43032443
55335533
24333003
33544503
32343434
03003000
30434333
42230443
35034404
54333444
30034433
04430332
34332030
03323324
30323223
33332032
44033433
02342444
22042303
34533524
43330323
23340332
04433243
05443232
40000000
0000002D
34004322
43544333
32442434
33334245
44454034
30442332
23303044
00440322
22023004
33340243
45435523
42232424
54423004
00032400
43402340
25400430
20324402
44223204
30304432
44230334
02022333
20345244
43322303
32003450
04030204
30033233
33343344
44344443
30322330
44000000
FFFFFFEB
30023530
34303233
04204433
02420332
33040003
30002004
03035200
02332444
30430305
33400005
52302002
22233354
43403424
23044443
30003443
55330033
33300502
30300020
23032343
40002320
32434222
33244443
43403304
43343000
23302343
00403330
23444304
03340222
43432444
45000000
00000004
00000000
00000000
00000000
00000000
00000000
00000000
00000000
00000000
00000000
00000000
00000000
00000000
00000000
00000000
00000000
00000000
00000000
00000000
00000000
00000000
00000000
00000000
00000000
00000000
00000000
00000000
00000000
00000000
00000000
00000000
00000000
00000000
00000000
00000000
00000000
00000000
00000000
00000000
00000000
00000000
00000000
00000000
00000000
00000000
00000000
00000000
00000000
00000000
00000000
00000000
00000000
00000000
00000000
00000000
00000000
00000000
00000000
00000000
00000000
00000000
00000000
00000000
00000000
00000000
00000000
00000000
00000000
00000000
00000000
00000000
00000000
00000000
00000000
00000000
00000000
00000000
00000000
00000000
00000000
00000000
00000000
00000000
00000000
00000000
00000000
00000000
00000000
00000000
00000000
00000000
00000000
00000000
00000000
00000000
00000000
00000000
00000000
00000000
