65044425
50000000
0000000D
03323452
32322322
32433443
33342432
32232332
20343400
40340432
33004222
43445445
00000200
00244223
00434444
40434344
33432034
23424500
40023233
32344042
33343223
30254244
03033434
32204344
34402320
42043323
24024002
00220233
23322032
00022003
23433334
22422444
34000000
0000001F
20023323
33344555
40003330
32302220
44223444
54333330
22330322
23323200
42340242
43303333
30224425
42203344
43023324
02304424
32330344
34402320
02230203
24343033
02302033
22034334
04233234
03233340
40203030
44023000
00220000
20203003
04425332
04434333
20330433
30000000
FFFFFFFD
30334223
34542234
34340033
42455334
24342233
33030200
33422342
03033330
30423433
20332440
04302223
42420552
55533422
34432320
42040444
32242304
03424443
00430343
30005532
33224320
00423300
32044330
03242220
02430343
44232034
33433325
43442332
33320240
03343244
33000000
0000001D
34054330
30423233
34034433
42043043
44200223
30220404
04533303
44233340
02432343
05350242
04534322
23044425
33403024
22022424
02203443
34302335
22023024
04022054
20330433
30443330
23334320
32525305
33525246
04054242
33203343
34424300
00032433
23234305
44345330
42000000
00000033
04335252
43333452
43303433
04423203
30022320
22443420
43335320
02244243
02522443
33000244
04000023
22334440
33323205
23022224
24032422
30020433
02022334
34024034
32004004
33003332
02203343
40304533
03343234
04003202
04334400
23000023
02223203
42043004
34334404
43000000
FFFFFFE9
00000000
00000000
00000000
00000000
00000000
00000000
00000000
00000000
00000000
00000000
00000000
00000000
00000000
00000000
00000000
00000000
00000000
00000000
00000000
00000000
00000000
00000000
00000000
00000000
00000000
00000000
00000000
00000000
00000000
00000000
00000000
00000000
00000000
00000000
00000000
00000000
00000000
00000000
00000000
00000000
00000000
00000000
00000000
00000000
00000000
00000000
00000000
00000000
00000000
00000000
00000000
00000000
00000000
00000000
00000000
00000000
00000000
00000000
00000000
00000000
00000000
00000000
00000000
00000000
00000000
00000000
00000000
00000000
00000000
00000000
00000000
00000000
00000000
00000000
00000000
00000000
00000000
00000000
00000000
00000000
00000000
00000000
00000000
00000000
00000000
00000000
00000000
00000000
00000000
00000000
00000000
00000000
00000000
00000000
00000000
00000000
00000000
00000000
