57525643
40000000
FFFFFFFB
30243243
20000000
00223244
40403222
20033304
40344324
34025403
43442230
00330020
00000020
00222232
02333404
42302000
00220342
20033342
34324400
02000003
44234023
23400244
35422244
42303444
32233203
22200202
00200000
00020030
00000023
00033232
00302300
23244434
34000000
00000019
34305324
43344532
00432423
00033343
25344444
44444422
42053034
30254322
42304244
02303425
42430323
04220433
00240004
30334434
00030444
54444434
00323523
32334240
44002240
00403320
42250442
32323344
45534424
04034043
33242003
30330050
33003342
00045440
24044432
22000000
00000038
44044044
22032000
00354344
33443433
30033333
00220300
44333325
24524040
02440033
32424033
23246444
34302243
03222434
30300220
34003320
44000434
04420032
03323330
42344022
40434534
42443343
44434255
35430304
42443433
34333350
34344040
32000022
23254050
53002032
00000000
FFFFFFFB
43400403
43323345
43445523
24042240
34030204
32345344
34425653
52302300
24422034
20344243
34003304
52043430
34304404
50435443
00003454
34204030
33244044
32045504
33222330
30243400
33034445
43540030
30333030
03223302
43223445
34202420
02322303
32303434
42320342
03000000
FFFFFFE0
05423343
03344304
43424444
34544433
44443504
53432542
42330234
20320340
23204444
30444445
24443244
20403320
23443054
04004334
02340344
00302322
20233403
43220343
44433243
33342334
43433442
33333423
43322020
42332042
44434444
33433334
43333533
32202020
24223240
03000000
00000035
00000000
00000000
00000000
00000000
00000000
00000000
00000000
00000000
00000000
00000000
00000000
00000000
00000000
00000000
00000000
00000000
00000000
00000000
00000000
00000000
00000000
00000000
00000000
00000000
00000000
00000000
00000000
00000000
00000000
00000000
00000000
00000000
00000000
00000000
00000000
00000000
00000000
00000000
00000000
00000000
00000000
00000000
00000000
00000000
00000000
00000000
00000000
00000000
00000000
00000000
00000000
00000000
00000000
00000000
00000000
00000000
00000000
00000000
00000000
00000000
00000000
00000000
00000000
00000000
00000000
00000000
00000000
00000000
00000000
00000000
00000000
00000000
00000000
00000000
00000000
00000000
00000000
00000000
00000000
00000000
00000000
00000000
00000000
00000000
00000000
00000000
00000000
00000000
00000000
00000000
00000000
00000000
00000000
00000000
00000000
00000000
00000000
00000000
