35655305
40000000
FFFFFFDF
42300332
30020000
00422023
32243343
44343002
32220434
33523433
33343234
22533533
00022020
02033330
03224423
33200220
20224444
45445004
03400323
33022000
22040224
32030330
32334044
00302243
33030340
34034334
03303300
32203322
32443442
32033320
02200202
30220223
00000000
00000031
33443524
44302222
53442323
40303324
40334342
04003430
25333232
30002002
00032030
00230223
32452440
33330230
03320433
33422233
43230342
30203330
02323023
30003440
23002300
30443442
55000000
30235505
43543443
00243323
00300403
30322342
45345243
32004035
44243443
54000000
0000007D
03030230
40020222
03030424
40445455
54443230
20023430
23433420
20222203
44023033
20003230
20400332
32334233
04404323
02003300
24344233
33220340
34324442
33334003
40333324
42232344
42340403
30330433
42452433
30433203
33424404
40440332
42402433
04322333
20203244
44000000
FFFFFFAB
33304043
53224230
33524344
42235333
52434342
02432323
22040044
34440233
43340344
30443302
03334225
44403432
53244334
24240032
30544433
44540520
04004330
20320044
34203033
42434534
43420423
43333044
00403404
03555220
44232330
34334445
33343343
20345423
02324335
54000000
0000002F
44204203
02454304
30033200
34222445
20344340
03222243
33544333
43454033
20033043
55333203
24445442
24443203
32303340
43040242
23333444
34033335
33403223
44243335
54404224
20340020
02344044
00344523
20244330
30424430
45043302
44003432
20200303
34444434
43330033
33000000
FFFFFFB1
00000000
00000000
00000000
00000000
00000000
00000000
00000000
00000000
00000000
00000000
00000000
00000000
00000000
00000000
00000000
00000000
00000000
00000000
00000000
00000000
00000000
00000000
00000000
00000000
00000000
00000000
00000000
00000000
00000000
00000000
00000000
00000000
00000000
00000000
00000000
00000000
00000000
00000000
00000000
00000000
00000000
00000000
00000000
00000000
00000000
00000000
00000000
00000000
00000000
00000000
00000000
00000000
00000000
00000000
00000000
00000000
00000000
00000000
00000000
00000000
00000000
00000000
00000000
00000000
00000000
00000000
00000000
00000000
00000000
00000000
00000000
00000000
00000000
00000000
00000000
00000000
00000000
00000000
00000000
00000000
00000000
00000000
00000000
00000000
00000000
00000000
00000000
00000000
00000000
00000000
00000000
00000000
00000000
00000000
00000000
00000000
00000000
00000000
