93
00
00
13
32
1C
DC
88
CF
C9
99
CC
24
67
45
7F
BD
98
02
0A
CC
59
18
9B
64
82
09
98
6E
49
24
0C
C0
00
13
92
C8
44
C1
39
00
08
CC
44
4C
69
62
39
FB
7D
9E
5B
24
AD
89
22
72
DE
80
94
3E
25
80
80
00
E0
00
3B
61
20
1A
D9
E8
90
FD
6F
07
E7
FD
97
FD
24
59
5B
84
C0
D0
3B
41
7F
CD
26
07
90
80
00
FC
B7
F9
BE
01
4C
90
12
29
C0
3F
20
10
0D
F8
CC
02
D6
00
40
16
C9
A0
00
03
BE
07
82
A1
00
00
48
8C
80
C5
BE
4E
C0
3D
7F
C3
16
D3
FE
99
43
2C
07
90
9C
7F
F2
B3
62
EC
D0
FE
40
0F
25
C0
00
00
00
00
00
00
00
00
00
00
00
00
00
00
00
00
00
00
00
00
00
00
00
00
00
00
00
00
00
00
00
00
00
00
00
00
00
00
00
00
00
00
00
00
00
00
00
00
00
00
00
00
00
00
00
00
00
00
00
00
00
00
00
00
00
00
00
00
00
00
00
00
00
00
00
00
00
00
00
00
00
00
00
00
00
00
00
00
00
00
00
00
00
00
00
00
00
00
00
