55453435
40000000
FFFFFFEF
32333240
02200220
22444432
45420302
00004044
40444300
34354332
33022204
42555454
00022322
34404544
53300333
23320322
33404335
43552020
43302023
33233224
40442432
32302002
03304444
53200444
00223202
30022433
00422333
34323002
20032432
32003002
22334302
04334434
43000000
00000023
44324323
40302440
42442450
04233422
30023024
43330243
04024222
43230302
23000022
23002033
30222230
00233344
03344445
42202200
33234344
55422044
44443300
20344344
54240242
33422324
43444434
32324002
04532020
03030023
23022332
23203330
44344043
24435534
34424440
32000000
FFFFFFF3
30255322
34433304
54454352
33434334
42343323
32443205
35005504
00043203
02333240
03404232
20043024
32020224
23340344
33420000
04323203
40203430
24403300
00224000
20043044
43032323
30434234
32423300
24432342
33445342
44533433
30303334
02244234
00024433
42454232
30000000
00000021
03340004
22443542
03434340
22343043
34443320
00022502
50223334
30024444
43443202
45524444
34004304
43423032
04542434
23300003
40344302
33543333
23044433
34344332
23222203
03222224
54343300
22320203
00433302
32444234
40330333
44423444
43333044
03234324
22034333
24000000
00000031
45600444
32423323
00442325
20433324
03543032
44232243
44455454
32403403
22024242
40443454
54020224
54444424
33355434
22432002
20003034
23333044
04204302
40040242
54530330
23503432
03343432
44333433
02300003
00000543
35240232
33420303
23333303
35343454
34442040
30000000
FFFFFFEF
00000000
00000000
00000000
00000000
00000000
00000000
00000000
00000000
00000000
00000000
00000000
00000000
00000000
00000000
00000000
00000000
00000000
00000000
00000000
00000000
00000000
00000000
00000000
00000000
00000000
00000000
00000000
00000000
00000000
00000000
00000000
00000000
00000000
00000000
00000000
00000000
00000000
00000000
00000000
00000000
00000000
00000000
00000000
00000000
00000000
00000000
00000000
00000000
00000000
00000000
00000000
00000000
00000000
00000000
00000000
00000000
00000000
00000000
00000000
00000000
00000000
00000000
00000000
00000000
00000000
00000000
00000000
00000000
00000000
00000000
00000000
00000000
00000000
00000000
00000000
00000000
00000000
00000000
00000000
00000000
00000000
00000000
00000000
00000000
00000000
00000000
00000000
00000000
00000000
00000000
00000000
00000000
00000000
00000000
00000000
00000000
00000000
00000000
