25553460
00000000
00000005
34333322
30000020
00234303
44320302
20434444
43223330
43033333
43333240
23433044
33444242
04320322
40333454
43333032
00004300
20230023
23230202
00332344
44423245
34433223
50434330
44320000
32032030
03002002
32003320
32020020
00002003
45554532
20000020
03330200
23000000
00000007
03400233
43000200
33023002
23024203
35503002
32430333
22244223
40333342
40434450
00020320
34230204
22322323
30200043
00330333
32230332
34324403
03434420
00424022
42020344
30033302
33324043
44530042
34334434
44430220
32230324
04445342
20004034
20232030
30324002
34000000
FFFFFFEA
33044234
32302300
24002440
52333502
23005525
54543032
34044240
43343240
22333432
20030332
34205544
33003000
33354420
44434322
00433445
40524300
04405432
42044243
24435333
03543504
04243404
54532423
02330333
34535430
33232240
33323422
32430443
40043244
02423330
32000000
FFFFFFF2
04243020
20052543
32340040
02200320
44304450
22442235
02444332
32343442
25334333
44335333
45004242
03530455
20004333
03043323
33304044
05330042
34330033
34250444
04204504
45454240
33444400
44333330
23203200
20433322
33430433
24023403
44332400
34400423
03320432
54000000
00000007
33440404
33023420
33000022
34402302
43430220
43333030
04402300
03334443
44440450
24240234
32303334
45432440
45502002
32454024
23300434
20403443
04023233
33322400
22232002
23030000
03434443
54024422
43222243
04235300
32340033
03345543
03304344
23332002
33323230
55000000
FFFFFFFE
00000000
00000000
00000000
00000000
00000000
00000000
00000000
00000000
00000000
00000000
00000000
00000000
00000000
00000000
00000000
00000000
00000000
00000000
00000000
00000000
00000000
00000000
00000000
00000000
00000000
00000000
00000000
00000000
00000000
00000000
00000000
00000000
00000000
00000000
00000000
00000000
00000000
00000000
00000000
00000000
00000000
00000000
00000000
00000000
00000000
00000000
00000000
00000000
00000000
00000000
00000000
00000000
00000000
00000000
00000000
00000000
00000000
00000000
00000000
00000000
00000000
00000000
00000000
00000000
00000000
00000000
00000000
00000000
00000000
00000000
00000000
00000000
00000000
00000000
00000000
00000000
00000000
00000000
00000000
00000000
00000000
00000000
00000000
00000000
00000000
00000000
00000000
00000000
00000000
00000000
00000000
00000000
00000000
00000000
00000000
00000000
00000000
00000000
