55022525
50000000
FFFFFFE1
03040323
20020033
20444444
44223030
34043343
30534400
34043203
40300323
34442523
22000000
25444555
53435434
33023003
02022524
02343333
42003043
23344434
34034433
02443304
05433555
54424232
03430202
23300202
02200002
22022033
32332300
22202002
02203433
34444434
34000000
0000001E
00002323
43450440
20304340
33434255
35420332
20300243
45402044
50253033
42553323
34002023
23034343
04322440
03304404
44020033
30032044
44000324
05424243
40454330
54050340
00034340
32324444
42023404
43204324
30002430
32023034
32020303
33324220
20304323
42440524
23000000
00000040
34022333
02244333
30433330
23230334
04404304
22322432
34304230
33002000
54454043
02243243
20333204
33222000
02343303
40344343
33033033
20302222
33443404
24434404
34324442
40433343
34434444
44404344
30023343
22000344
43043242
30233223
34334344
33234004
33023400
30000000
0000005F
32334303
03323333
02334343
00255340
23433420
40000522
22303002
03424043
43544303
45025043
24440232
44334033
33234423
43345024
32433433
03330204
32233343
02333224
32545543
40330032
03304303
34322043
44344303
33432423
42203004
23532330
45034324
23443434
50332442
20000000
00000021
00433333
34354044
03322304
33302304
32324003
43244400
32002003
33004443
42222202
44234430
32230002
20404232
23402020
32233342
20223003
43443432
00220033
30042030
02020033
32333342
44403300
43323024
22252020
23303333
22202030
03332344
32554434
44433024
02223002
23000000
00000035
00000000
00000000
00000000
00000000
00000000
00000000
00000000
00000000
00000000
00000000
00000000
00000000
00000000
00000000
00000000
00000000
00000000
00000000
00000000
00000000
00000000
00000000
00000000
00000000
00000000
00000000
00000000
00000000
00000000
00000000
00000000
00000000
00000000
00000000
00000000
00000000
00000000
00000000
00000000
00000000
00000000
00000000
00000000
00000000
00000000
00000000
00000000
00000000
00000000
00000000
00000000
00000000
00000000
00000000
00000000
00000000
00000000
00000000
00000000
00000000
00000000
00000000
00000000
00000000
00000000
00000000
00000000
00000000
00000000
00000000
00000000
00000000
00000000
00000000
00000000
00000000
00000000
00000000
00000000
00000000
00000000
00000000
00000000
00000000
00000000
00000000
00000000
00000000
00000000
00000000
00000000
00000000
00000000
00000000
00000000
00000000
00000000
00000000
