45566705
60000000
00000025
00233034
30300322
33000304
33202500
22222244
20430444
22403302
33424435
42544443
32032022
24444422
30432330
00003403
40044452
35003233
20430332
03203304
02420423
34423402
30420040
22322424
32330330
23203223
00320320
32222200
22003204
30433330
02433233
24203040
03000000
00000012
40350440
42223440
43333204
04230034
44302243
35034342
34230230
22532533
20342342
04402320
02333454
45020320
20243442
50423404
00442020
04020420
03200220
44444330
33243333
24334454
24002243
00044445
54303443
00322245
23544302
23434445
24534444
23243430
32343242
40000000
00000000
23030222
42202220
02302320
32443532
53004430
44300320
33223243
22440343
04532430
44342220
33332333
04503423
42424403
43343243
04403335
22333044
00402424
42434434
24304503
52004055
40233324
44344244
23420230
23200232
40242424
54353444
33033303
24205333
22343340
34000000
00000008
24445523
20450334
03003322
23300340
22302332
43433320
44230020
00532333
34333023
45333244
44243243
40334420
50440333
32403403
43440424
30400333
55354333
44433323
33223334
00333223
02253320
32344254
44443442
44523334
43023344
20404223
34220244
44020434
04443452
00000000
00000024
34230023
24444240
03233203
02330030
00032000
03324423
40033033
43302032
24230334
43244344
42000320
02322342
30302344
04232220
00400022
02420033
00230242
33443442
40043043
03232200
33434333
22023002
34424344
43203233
03223234
43443023
44444444
43320443
35344044
53000000
FFFFFFFF
00000000
00000000
00000000
00000000
00000000
00000000
00000000
00000000
00000000
00000000
00000000
00000000
00000000
00000000
00000000
00000000
00000000
00000000
00000000
00000000
00000000
00000000
00000000
00000000
00000000
00000000
00000000
00000000
00000000
00000000
00000000
00000000
00000000
00000000
00000000
00000000
00000000
00000000
00000000
00000000
00000000
00000000
00000000
00000000
00000000
00000000
00000000
00000000
00000000
00000000
00000000
00000000
00000000
00000000
00000000
00000000
00000000
00000000
00000000
00000000
00000000
00000000
00000000
00000000
00000000
00000000
00000000
00000000
00000000
00000000
00000000
00000000
00000000
00000000
00000000
00000000
00000000
00000000
00000000
00000000
00000000
00000000
00000000
00000000
00000000
00000000
00000000
00000000
00000000
00000000
00000000
00000000
00000000
00000000
00000000
00000000
00000000
00000000
