65435563
40000000
00000005
42204242
00200020
02654454
22323343
44424434
20233553
43330024
40020005
42334230
00000000
02323424
23400030
43022000
00003533
33233030
32034440
20423004
03220223
02023002
05534020
40404222
32202322
23243304
03223000
23202000
32433333
30322200
00343330
03300324
42000000
00000019
00023203
33200044
40240434
34204444
43553243
33443334
03204033
00544022
40432454
02233245
40333024
30323234
04234242
43230020
20200434
55535334
04044533
43243453
33354333
32300020
00334343
35343243
43320003
44034202
44432333
03443342
20233002
44433334
30202023
24000000
00000046
44044244
40033323
00445243
43300033
04440233
32243425
43442443
04433304
54552453
34023005
04020034
30223440
44000000
34242444
40333400
32032340
04402323
43443344
42443020
04002402
43445202
33322304
43403332
03222032
32203333
54244355
42334002
40033333
34334240
44000000
00000037
00030033
40404323
40404503
30444320
24443342
30442020
44032355
05402302
33443022
22302034
32305504
42423420
43023230
34344334
03430403
23324333
34020222
44044025
55232202
24445445
54323030
44222322
32022002
02003423
55254333
22234044
33543543
44420302
34203443
43000000
FFFFFFF6
00334045
43233550
35300424
32420332
20343430
33342323
23323302
04333044
43440554
20222222
30302442
24230232
42340303
42043420
30323323
42043300
33043023
03030432
00443440
00032433
02330402
25403402
44025640
33230003
44444332
30440403
33223403
22244400
40020404
34000000
0000001F
00000000
00000000
00000000
00000000
00000000
00000000
00000000
00000000
00000000
00000000
00000000
00000000
00000000
00000000
00000000
00000000
00000000
00000000
00000000
00000000
00000000
00000000
00000000
00000000
00000000
00000000
00000000
00000000
00000000
00000000
00000000
00000000
00000000
00000000
00000000
00000000
00000000
00000000
00000000
00000000
00000000
00000000
00000000
00000000
00000000
00000000
00000000
00000000
00000000
00000000
00000000
00000000
00000000
00000000
00000000
00000000
00000000
00000000
00000000
00000000
00000000
00000000
00000000
00000000
00000000
00000000
00000000
00000000
00000000
00000000
00000000
00000000
00000000
00000000
00000000
00000000
00000000
00000000
00000000
00000000
00000000
00000000
00000000
00000000
00000000
00000000
00000000
00000000
00000000
00000000
00000000
00000000
00000000
00000000
00000000
00000000
00000000
00000000
