6C
00
00
FF
00
3C
15
8F
E6
C3
F8
83
FF
63
A0
3B
0C
B0
C0
3D
F0
F8
3C
00
00
09
C6
D2
09
FF
80
00
C0
00
64
04
D9
19
80
F0
FD
2D
98
10
70
07
A0
01
B3
FC
70
32
D0
19
83
E2
60
00
F1
37
80
38
B0
00
00
9F
EC
82
65
82
4B
D8
6C
BF
93
6E
00
24
FD
19
3C
6F
49
12
09
74
9E
11
36
DA
5B
F7
9F
3C
80
00
60
12
60
44
6E
03
23
FF
B1
23
84
70
8F
4F
68
13
83
F6
60
7E
B8
00
08
BE
94
8D
90
04
77
C0
00
65
DE
C2
E0
06
F2
6C
7E
F6
B7
EF
D8
E0
82
47
2C
06
08
D8
40
7F
C2
29
04
93
20
20
20
C8
00
00
00
00
00
00
00
00
00
00
00
00
00
00
00
00
00
00
00
00
00
00
00
00
00
00
00
00
00
00
00
00
00
00
00
00
00
00
00
00
00
00
00
00
00
00
00
00
00
00
00
00
00
00
00
00
00
00
00
00
00
00
00
00
00
00
00
00
00
00
00
00
00
00
00
00
00
00
00
00
00
00
00
00
00
00
00
00
00
00
00
00
00
00
00
00
00
00
00
00
