22542544
30000000
FFFFFFE2
32032434
00330020
00432343
45033420
30423243
43043223
22332023
23032004
42404444
00302302
05345555
63033203
33322322
23232244
40425020
20303020
02002022
33342403
02032223
05045443
53222034
33400300
30000330
04002232
23232003
03204330
23003202
20330200
00403204
24000000
0000002A
20030034
43035052
44434440
02244444
33000423
44233202
23222425
00442024
24433323
02032340
02004202
03203203
03325420
40422004
42242245
44322303
34242334
04335324
30444300
30204304
40404334
24223330
34544044
24032324
20423424
40032430
03444340
30444542
33333530
30000000
FFFFFFF8
33244403
02005304
40434044
23443242
32340034
30033323
44344403
33342444
30332334
43334223
03444333
02033443
34203343
25342433
43023454
54544404
00400440
03034324
23344244
32032332
32303424
33220342
40444042
23343024
34434332
34004233
40320240
23020444
34433332
33000000
00000090
33244300
30330323
43344303
33344542
04540002
02003232
43343532
00330034
32204445
22332440
30544432
03404230
42032245
42233303
34343234
34204430
05400040
44050230
40200404
32022434
34030242
34222023
24202040
32020544
44344234
52453323
00422342
43304230
30333333
04000000
FFFFFFF0
04404330
20332404
44354054
42332405
53544432
34565430
44300322
04232443
03443433
32200044
00042440
33440334
24424340
30353405
22000334
52424404
64443433
32033022
40243300
02432443
23320333
30432442
45435030
33203403
32030530
33442444
32444340
54304432
00420303
32000000
00000000
00000000
00000000
00000000
00000000
00000000
00000000
00000000
00000000
00000000
00000000
00000000
00000000
00000000
00000000
00000000
00000000
00000000
00000000
00000000
00000000
00000000
00000000
00000000
00000000
00000000
00000000
00000000
00000000
00000000
00000000
00000000
00000000
00000000
00000000
00000000
00000000
00000000
00000000
00000000
00000000
00000000
00000000
00000000
00000000
00000000
00000000
00000000
00000000
00000000
00000000
00000000
00000000
00000000
00000000
00000000
00000000
00000000
00000000
00000000
00000000
00000000
00000000
00000000
00000000
00000000
00000000
00000000
00000000
00000000
00000000
00000000
00000000
00000000
00000000
00000000
00000000
00000000
00000000
00000000
00000000
00000000
00000000
00000000
00000000
00000000
00000000
00000000
00000000
00000000
00000000
00000000
00000000
00000000
00000000
00000000
00000000
00000000
00000000
