05358736
30000000
00000033
02043334
33200000
20442342
34302344
40224223
33033330
23204222
03332334
55344440
22220222
33544544
20223020
02333320
03335543
43234444
30003200
33330230
02444333
33200230
23233200
42344220
23300223
03432023
33343323
00200043
00000023
33000323
34322000
04440020
00000000
0000001E
20325443
04242403
23043333
03034220
30233534
04303243
54223322
03333402
20002444
22040230
33320032
24024442
30343333
22342023
43230500
04320443
34232324
23343334
30202343
03424430
20244044
32223322
23334223
34422433
33344430
32020022
23403232
42305240
20302333
32000000
FFFFFFF6
03403022
33233200
22344230
34043433
40233232
03032243
24303343
04202023
34445024
03333343
04043545
42324324
44333423
40420430
34232243
40342302
44300200
43000343
33003224
05044343
40223224
32423330
23234332
32403302
33333204
00044054
32443544
30334332
20230030
03000000
00000044
22333432
43433222
42430223
03404230
53242402
43453243
24443034
23344330
33543444
53244543
03553034
44244543
04424034
23443420
43430434
34430532
23322204
40245322
44300203
34432040
50023424
02000322
32202333
44342222
43330402
43434045
24553500
44420003
40403343
34000000
FFFFFFFE
43020443
24502444
43532240
22204324
33444444
32223432
03334434
00225334
43353340
32033320
03330333
40344434
33443324
52342434
34000343
43532444
25503323
44334044
44402554
42300340
24444232
33364324
34342033
24000444
23040032
30332232
22302230
34233224
23224543
02000000
FFFFFFEE
00000000
00000000
00000000
00000000
00000000
00000000
00000000
00000000
00000000
00000000
00000000
00000000
00000000
00000000
00000000
00000000
00000000
00000000
00000000
00000000
00000000
00000000
00000000
00000000
00000000
00000000
00000000
00000000
00000000
00000000
00000000
00000000
00000000
00000000
00000000
00000000
00000000
00000000
00000000
00000000
00000000
00000000
00000000
00000000
00000000
00000000
00000000
00000000
00000000
00000000
00000000
00000000
00000000
00000000
00000000
00000000
00000000
00000000
00000000
00000000
00000000
00000000
00000000
00000000
00000000
00000000
00000000
00000000
00000000
00000000
00000000
00000000
00000000
00000000
00000000
00000000
00000000
00000000
00000000
00000000
00000000
00000000
00000000
00000000
00000000
00000000
00000000
00000000
00000000
00000000
00000000
00000000
00000000
00000000
00000000
00000000
00000000
00000000
