E4
80
00
49
69
45
B6
74
90
08
41
2D
49
5B
C2
49
2E
26
02
53
30
B4
A4
99
36
55
22
49
AC
92
43
24
80
00
01
CD
86
C0
4D
B0
93
68
34
0D
49
0E
C3
71
B0
04
4E
0B
1A
C2
97
C4
61
03
60
40
00
0B
1D
C0
00
62
60
00
E2
01
CF
60
6F
C0
13
81
A8
03
83
FF
E1
91
98
4C
FF
F0
0F
85
FD
E8
37
DF
78
7E
00
00
7B
BD
01
70
28
14
2D
90
DF
F0
02
DF
00
7B
26
E1
2D
C0
00
49
07
CB
04
02
DF
83
F4
04
EC
40
00
81
63
C4
80
FF
C8
AD
0E
06
01
9F
BF
3D
FD
BC
0C
04
00
E0
7D
C6
00
29
33
7F
FF
9E
E4
24
00
00
00
00
00
00
00
00
00
00
00
00
00
00
00
00
00
00
00
00
00
00
00
00
00
00
00
00
00
00
00
00
00
00
00
00
00
00
00
00
00
00
00
00
00
00
00
00
00
00
00
00
00
00
00
00
00
00
00
00
00
00
00
00
00
00
00
00
00
00
00
00
00
00
00
00
00
00
00
00
00
00
00
00
00
00
00
00
00
00
00
00
00
00
00
00
00
00
00
00
