54545636
60000000
00000013
30434300
20022002
00325443
30423433
02220243
43344444
42404003
43342200
34444243
20222020
23505333
03202322
33332220
02204530
44420233
44434022
30030333
33424002
33300034
30535343
43000003
03000000
20003320
24343200
20200034
34444330
02220203
03303002
23544302
22000000
00000019
34203023
33233444
55334442
23334323
04322054
30444030
43233204
32430443
33334343
04344434
23443334
44220300
20233223
33325304
42033344
32230034
22000240
34032300
33333044
33303332
32032202
02303002
40330442
33032230
35434303
00300300
03333330
40000002
00204333
33000000
FFFFFFE6
34432502
33223434
03403003
22332230
23340020
00023233
54040404
04320422
44444334
23424020
04333443
02230240
20403504
32433434
03222202
32420422
24424333
33443433
34344333
44000320
32445243
34303243
00235444
32332202
24424440
32440333
40440200
20400444
30203053
55000000
FFFFFFEA
43434302
52432234
02234043
43242452
52342240
33023440
30434444
03433403
32544300
03400445
44434323
04044334
22240440
32303202
00043324
40034404
40444233
44403442
23433034
33244204
42243032
20344420
04544000
30332443
23440340
42330444
03402033
43033242
22324434
43000000
FFFFFFFE
20030333
03333404
45220342
34444344
33240403
42332342
04242433
33302440
40340443
20202344
02223303
42044443
44334043
42042234
04454033
00444433
30253034
34344444
23322345
43303024
40343040
04054420
04540230
33032000
32204332
03223340
02044433
33203433
03443432
23000000
00000027
00000000
00000000
00000000
00000000
00000000
00000000
00000000
00000000
00000000
00000000
00000000
00000000
00000000
00000000
00000000
00000000
00000000
00000000
00000000
00000000
00000000
00000000
00000000
00000000
00000000
00000000
00000000
00000000
00000000
00000000
00000000
00000000
00000000
00000000
00000000
00000000
00000000
00000000
00000000
00000000
00000000
00000000
00000000
00000000
00000000
00000000
00000000
00000000
00000000
00000000
00000000
00000000
00000000
00000000
00000000
00000000
00000000
00000000
00000000
00000000
00000000
00000000
00000000
00000000
00000000
00000000
00000000
00000000
00000000
00000000
00000000
00000000
00000000
00000000
00000000
00000000
00000000
00000000
00000000
00000000
00000000
00000000
00000000
00000000
00000000
00000000
00000000
00000000
00000000
00000000
00000000
00000000
00000000
00000000
00000000
00000000
00000000
00000000
