89
80
00
64
66
19
81
39
89
9A
31
99
00
44
49
CC
81
31
87
13
98
32
3B
97
E8
1E
09
01
8C
40
82
18
80
00
02
34
39
09
0E
26
44
B6
81
84
00
00
FD
8F
C7
85
04
7D
F0
90
00
74
8E
4C
03
FE
02
7A
76
40
00
25
F6
EC
9D
BC
18
6E
6D
FB
DF
90
3F
C1
3C
0A
6F
33
A2
89
67
FE
10
00
00
1C
01
D0
61
61
C0
00
00
21
81
E7
61
80
13
63
21
1B
BF
B7
60
01
92
C2
00
D8
00
7E
02
C0
1E
C8
D0
0E
24
DF
D0
00
00
E6
EE
CE
8B
6E
CA
63
A3
30
40
65
3F
20
7F
C0
C2
52
00
20
19
BF
E2
D2
F3
01
05
80
C1
FF
C0
00
00
00
00
00
00
00
00
00
00
00
00
00
00
00
00
00
00
00
00
00
00
00
00
00
00
00
00
00
00
00
00
00
00
00
00
00
00
00
00
00
00
00
00
00
00
00
00
00
00
00
00
00
00
00
00
00
00
00
00
00
00
00
00
00
00
00
00
00
00
00
00
00
00
00
00
00
00
00
00
00
00
00
00
00
00
00
00
00
00
00
00
00
00
00
00
00
00
00
