00
00
07
9F
80
FE
1F
FD
66
FF
0F
80
17
7A
02
66
FE
EA
D9
18
FF
30
9E
E0
42
66
45
04
11
51
10
41
00
00
6F
FE
98
00
8E
8D
80
06
EE
EF
0F
FF
B9
46
0F
60
D7
60
00
00
08
F6
20
47
FB
F7
76
01
EE
C8
F1
FF
E0
F0
00
0E
6D
00
00
67
6F
77
E2
99
99
F0
88
2F
FA
33
3E
00
0F
04
08
46
FF
FF
F0
05
DF
11
10
FE
00
60
08
F0
3F
2F
FE
00
FF
FF
07
FF
4F
F6
00
00
24
6B
06
67
53
70
5B
60
07
66
BF
FF
FF
30
BA
FF
90
00
FE
27
CE
27
6E
81
00
00
37
F3
00
80
00
8B
6F
E0
F9
F0
00
01
98
12
00
6F
00
00
00
72
90
46
26
E8
05
7F
72
2E
9D
F6
FF
00
00
90
14
40
06
40
06
00
00
00
00
00
00
06
70
07
73
EF
E0
64
90
17
77
EF
66
00
01
65
F9
00
04
06
E7
06
62
F1
09
90
00
00
DD
54
80
0E
00
01
80
00
60
00
00
0E
06
73
26
6F
01
10
00
FF
0F
06
FF
FF
85
62
47
FF
EE
EE
00
10
FE
FF
97
71
09
9D
7F
F0
99
60
7F
F9
0F
5F
8F
F5
04
00
00
04
00
FF
F2
0E
60
00
0E
64
60
08
11
02
66
80
0D
9F
FB
30
09
00
CF
00
57
80
00
08
19
27
77
07
20
CF
E0
FF
70
17
73
65
F4
00
07
66
7D
CC
88
02
7F
00
00
F9
89
F1
00
00
BF
F1
0F
E8
F6
E2
EC
E8
96
6F
FF
FF
04
86
E0
08
06
66
8F
F7
8C
60
00
11
7F
FF
6E
7D
FD
8C
01
00
1E
F0
08
80
E6
88
00
0B
BB
E4
73
1F
0B
E4
66
F4
98
F7
00
00
00
67
F4
90
8C
FF
A0
66
6E
40
00
90
00
88
88
3F
F0
90
00
8F
FE
F7
EF
00
03
66
62
02
62
E0
29
CC
DF
09
FF
6F
31
00
01
F1
11
26
60
EC
C0
F0
62
FF
E6
0F
F6
02
FF
00
00
6F
61
10
FF
F0
2F
FF
17
7F
2D
99
F6
47
0F
FE
FF
FF
67
FF
6F
F9
F6
FE
F7
97
88
88
10
00
64
0F
04
6F
10
60
07
77
EE
E8
00
09
11
00
BF
FE
C9
91
00
00
FF
FF
00
00
06
7C
67
8F
60
4B
F6
08
76
99
98
FF
F0
0F
FF
96
65
D0
00
60
80
CF
F2
F8
09
11
C3
00
00
0C
C0
50
8C
90
00
77
7F
FF
F6
4F
4F
02
7F
FF
80
F9
00
70
0F
5F
FF
00
00
00
00
00
00
00
00
00
00
00
00
00
00
00
00
00
00
00
00
00
00
00
00
00
00
00
00
00
00
00
00
00
00
00
00
00
00
00
00
00
00
00
00
00
00
00
00
00
00
00
00
00
00
00
00
00
00
00
00
00
00
00
00
00
00
00
00
00
00
00
00
00
00
00
00
00
00
00
00
00
00
00
00
00
00
00
00
00
00
00
00
00
00
00
00
00
00
00
00
00
00
00
00
00
00
00
00
00
00
00
00
00
00
00
00
00
00
00
00
00
00
00
00
00
00
00
00
00
00
00
00
00
00
00
00
00
00
00
00
00
00
00
00
00
00
00
00
00
00
00
00
00
00
00
00
00
00
00
00
00
00
00
00
00
00
00
00
00
00
00
00
00
00
00
00
00
00
00
00
00
00
00
00
00
00
00
00
00
00
00
00
00
00
00
00
00
00
00
00
00
00
00
00
00
00
00
00
00
00
00
00
00
00
00
00
00
00
00
00
00
00
00
00
00
00
00
00
00
00
00
00
00
00
00
00
00
00
00
00
00
00
00
00
00
00
00
00
00
00
00
00
00
00
00
00
00
00
00
00
00
00
00
00
00
00
00
00
00
00
00
00
00
00
00
00
00
00
00
00
00
00
00
00
00
00
00
00
00
00
00
00
00
00
00
00
00
00
00
00
00
00
00
00
00
00
00
00
00
00
00
00
00
00
00
00
00
00
00
00
00
00
00
00
00
00
00
00
00
00
00
00
00
00
00
00
00
00
00
00
00
00
00
00
00
00
00
00
00
00
00
00
00
00
00
00
00
00
00
00
00
00
00
00
00
00
00
00
00
00
00
00
00
00
00
00
00
00
00
00
00
00
00
00
00
00
00
00
00
00
00
00
00
00
00
00
00
00
00
00
00
00
00
00
00
00
00
00
00
00
00
00
00
00
00
00
00
00
00
00
00
00
00
00
00
00
00
00
00
00
00
00
00
00
00
00
00
00
00
00
00
00
00
00
00
00
00
00
00
00
00
00
00
00
00
00
00
00
00
00
00
00
00
00
00
00
00
00
00
00
00
00
00
00
00
00
00
00
00
00
00
00
00
00
00
00
00
00
00
00
00
00
00
00
00
