36406564
50000000
00000011
33300000
00023333
32020000
00034000
04220200
02203330
33233230
00002003
30320330
20232333
30340332
33300320
22332200
00000000
00200000
00020002
22030240
02002003
22044343
30000202
33000002
22224003
03233302
20400322
30020023
02320000
00000000
04034403
00002002
20004003
00200202
20020204
33433300
00200344
44444440
23234000
32243343
32202002
00354244
24423033
30000000
00000027
02242003
20230332
34243303
33222203
33233444
30030330
40440420
04044043
20232020
22040340
30033333
43403403
02023003
22003003
33033043
23302240
04323200
03300320
43232034
34300003
34000324
00344333
33233340
33233224
23300333
23442342
24220220
54033000
00330200
30344433
33003023
03433033
33323330
30000020
02202300
50242200
23300230
00220303
23200324
20333340
20430000
FFFFFFE0
34344330
24443432
02432202
34022534
33023455
54332004
23434330
00330432
03302320
43333402
23320032
02233332
20343302
32223024
02022024
33332023
23220443
00003300
03332332
00200002
02554440
43243032
00000023
33433342
30003023
40302330
23002424
03032320
22224333
32455423
03330423
03322023
34433024
24433334
03030342
34434333
03030002
30003333
44333400
30333044
34330000
FFFFFFCD
03303343
04330045
34433002
22344303
34444030
33440300
20330333
20224044
30000003
34034440
00400434
43444003
02203040
32002433
40003024
40002323
34034440
45233203
32433300
03000003
24534003
00000334
34043233
22220454
23444232
00000000
02333403
54343033
02443004
40440343
43420030
22344053
20320200
24343324
40444343
34333443
43040342
03442433
03302024
23203433
05430000
0000000B
24004344
33223444
02303004
44233023
04330343
34330505
43342430
03523303
34200353
03043202
30323243
20302344
20023020
03000000
00233344
30022022
02042305
42333200
34224433
00303400
30002333
33033003
30320333
00303033
22333034
40244320
45004243
44433304
00333243
24454332
33302023
44333003
44023302
43244323
32304443
43342342
34320422
43002000
05023322
43040332
42040000
00000001
00000000
00000000
00000000
00000000
00000000
00000000
00000000
00000000
00000000
00000000
00000000
00000000
00000000
00000000
00000000
00000000
00000000
00000000
00000000
00000000
00000000
00000000
00000000
00000000
00000000
00000000
00000000
00000000
00000000
00000000
00000000
00000000
00000000
00000000
00000000
00000000
00000000
00000000
00000000
00000000
00000000
00000000
00000000
