44047407
00000000
0000002E
20320200
00333033
24424333
34050550
55053222
00020220
00023403
02022020
32222000
03320320
23220332
34202233
20302233
03302222
02202420
42032003
02330432
02200000
00000202
22030002
03003003
23235335
33504303
03323234
02332300
22002200
00000002
34030000
32420320
00303302
00300204
30404044
05534434
53450400
00033402
00300033
02000022
00200020
03300200
24022320
33020000
00000035
32344020
32320300
33344405
33503300
03200033
04033330
03040040
40344000
00030230
30403303
00333003
43030002
32300000
00000230
00543330
32403020
02033003
33000332
34022400
53303403
33222330
00304200
02000303
04022430
44303503
30003003
03224333
34003030
30404334
44000000
34333003
04504304
20030000
00323300
35400343
30004034
00003023
03024004
30000044
30320333
43340000
0000001A
22234230
40223202
20020430
40434230
00003004
30220420
02233430
02233430
33344332
30032243
30023220
20433300
32032233
03423343
20303303
22434300
32340243
33552602
02200030
22232330
03000332
02203003
04303434
43324022
03244342
00334220
25343440
24232233
22230232
03032330
33332324
34334420
44443424
43044043
23003323
30023243
23333032
40202000
20224222
40322333
04000000
0000000E
42050003
43403333
02002320
33334423
30232023
00023302
32043330
34532325
00330443
02033030
20240244
02330244
23244444
43430000
24324302
22243205
52432033
33240230
33320033
43434343
23303204
02450433
00244430
53444033
44345433
03300333
00000403
03320424
23032453
20442043
33300433
20223040
32323402
03033023
42230023
30302443
33300430
02430042
23342344
40020030
30400000
FFFFFFE9
33430442
34422223
33443042
32340432
32333303
34323432
32323323
43342003
33342030
34300043
30234330
00034440
45032304
04230334
30303355
00002234
33332332
30220300
23044400
40030220
22442233
43403403
43433320
34444343
44334542
34434022
20332444
34332233
34543430
33034332
33034540
30344024
30303233
03002332
20000320
43340020
03320033
32233000
22223200
00303334
42340000
FFFFFFEC
00000000
00000000
00000000
00000000
00000000
00000000
00000000
00000000
00000000
00000000
00000000
00000000
00000000
00000000
00000000
00000000
00000000
00000000
00000000
00000000
00000000
00000000
00000000
00000000
00000000
00000000
00000000
00000000
00000000
00000000
00000000
00000000
00000000
00000000
00000000
00000000
00000000
00000000
00000000
00000000
00000000
00000000
00000000
