44564644
40000000
00000025
22020223
22302200
24222303
00004434
34440322
03232233
04242430
22303200
30232033
03033022
30302302
34430320
00203323
32320020
32020000
20000044
04303323
02022002
22022423
32443432
22230202
00035454
05040420
33440303
20333202
00222320
00022020
35043403
00024343
34200000
22040404
04200004
24344324
23030454
54444322
00002202
02000423
30000002
30230023
02200200
00000000
FFFFFFF7
20302232
32202003
00000043
30335405
53043003
03400043
05404045
04502043
00200000
45245200
33004303
30340030
03020300
30443232
20420432
43223403
00432034
53353004
23323303
03304032
04333330
00303003
03400303
44300022
44333005
00440403
00223332
03330330
30332340
32333233
03240033
00002230
00033343
34343000
20030043
32033334
33234240
02020300
20343333
44034423
44340000
0000000E
22340340
23030304
40433442
24343403
00030433
33033432
44024243
24035443
32434432
00333302
04344303
04343222
00233054
44343320
35455033
24330432
34304330
42243232
42043043
03443304
54220000
03323330
34403334
34303032
43030045
35523040
34044030
34320000
20303230
23223330
32004303
24223300
34424300
40343333
34403042
53253233
30403022
33443442
03222333
23333323
20420000
FFFFFFDC
04300044
00453303
44303430
20033440
34403400
34444322
34243242
43332320
04423403
42432323
03222002
32203334
22423023
20334304
43243404
33332302
30002020
03420304
03244434
33220352
34003343
30042323
40323304
43233443
23202302
44443400
22222323
43334404
40333420
32203020
30040443
42344300
22322322
20032023
22404443
44302430
43242430
32004034
00330043
33040342
43450000
FFFFFFE3
43322040
23230333
02002322
33300403
04033323
33004333
32002003
33423444
00343202
03323333
00200033
30203423
03433032
34234225
45424402
43002420
33032200
32000320
22440433
44334300
42323432
03442353
40423342
23200333
23232343
33023520
20324203
42300322
44344333
40030332
20303244
34300023
32324302
24330333
32034442
33332424
33300443
24224440
33202322
43053343
30330000
00000008
00000000
00000000
00000000
00000000
00000000
00000000
00000000
00000000
00000000
00000000
00000000
00000000
00000000
00000000
00000000
00000000
00000000
00000000
00000000
00000000
00000000
00000000
00000000
00000000
00000000
00000000
00000000
00000000
00000000
00000000
00000000
00000000
00000000
00000000
00000000
00000000
00000000
00000000
00000000
00000000
00000000
00000000
00000000
