55050344
30000000
FFFFFFD0
02223220
02233232
43243302
20044444
32332202
00300222
52242033
04203000
02300002
20033234
30033333
44442330
23023034
20200303
33222000
00000054
34430330
20032232
03322333
34404320
20030000
20042240
04344002
30003022
02223222
02323330
00002002
44033323
30224434
44033042
04323304
32334433
32320242
34334340
23420220
00000000
22000202
30230303
30300243
24422023
02420000
00000004
30200220
33542343
33020020
34034302
23320330
40000402
04304224
34334404
33030020
04442454
04203434
33243343
02024234
42003432
20332340
34220000
23003002
44404002
44033203
24423302
23330332
00322344
43004433
20443543
34003233
33322002
32322430
44320042
43030240
03023224
33345442
33202223
32000330
42224343
20300202
44443403
24443430
23002302
23254323
00032233
34430000
0000001C
23330024
05424434
40032232
44234224
30030422
43042040
23022334
04304430
00304034
34233032
20203302
03330442
30234303
23203222
32232302
04004330
22040242
22030330
42244242
33223023
24322300
32024303
32230403
40030044
40342433
43303400
00033303
42442454
02043004
03020343
34440002
03202020
33244433
33033334
03003430
40240340
42303244
00333323
43300402
03333033
23000000
FFFFFFF1
33022333
44334420
00333020
03402343
34433033
00234524
33303422
23300204
44333022
33423320
20333354
04024304
20040332
00040243
33032333
23303223
24020333
03303344
33332232
43354030
22030354
00000200
23003224
32324000
30220323
43030200
32004423
00434003
44332043
30040353
03230230
32000340
00234234
33032044
22023203
43334440
04503420
32320403
03342030
34342424
00400000
00000001
33033422
40303334
43203020
44303303
33450030
00302223
34443320
02303420
30033432
00020244
32302020
04302002
33430332
24443302
24342200
33223420
22040023
20345334
03020040
30033004
43443430
03034003
04453004
55303320
44202303
30303340
20302443
30333020
23330004
02333443
30430202
34440030
32343204
03323243
23203330
22204200
20232332
30240202
20002202
33342024
42220000
FFFFFFFB
00000000
00000000
00000000
00000000
00000000
00000000
00000000
00000000
00000000
00000000
00000000
00000000
00000000
00000000
00000000
00000000
00000000
00000000
00000000
00000000
00000000
00000000
00000000
00000000
00000000
00000000
00000000
00000000
00000000
00000000
00000000
00000000
00000000
00000000
00000000
00000000
00000000
00000000
00000000
00000000
00000000
00000000
00000000
