55500500
40000000
00000004
00200020
00023020
22002000
22344443
34440202
02200202
23232033
33000230
00032032
00033323
24243202
33233003
20220203
23303232
20000322
20000343
00345430
00020320
32403222
20403030
30222200
20055045
65533003
33523032
30340000
20002000
02002200
33435440
42202220
03023232
43044442
34504032
40434033
40303044
00304303
02202230
32032020
30020330
33330000
02402000
00000000
00000006
00044334
03000000
33030000
34040030
04424544
54333300
42040204
40330330
20033043
23300333
40000003
00443044
33034232
33332302
32330232
02223400
40032000
30233204
20303320
30003003
35232343
20223233
23303000
00003320
03232303
03303403
32440340
30300033
04524533
53022023
23430000
00430002
22022023
03203333
23432540
22302043
44355043
40230022
33022342
23334004
03400000
0000004C
32200354
40040233
32203334
40304440
02333324
24440000
32332240
30203230
02333044
20302400
00002340
34200333
32233000
00023330
34244032
24400400
42252432
43444245
43443254
40032204
22322033
02344044
33233202
02334400
03400333
43000342
02204340
00330440
22233300
03342342
30344224
03000420
55004043
24434423
20333352
34023003
34030333
32020023
34234033
30432343
33420000
00000034
32232323
02344004
02200003
03340333
34400204
33323040
34203334
30333005
43033423
00333004
40303320
00420332
34343004
44443034
43303302
30040020
33000034
43033333
03303322
20230030
24402303
30243000
00432203
00403320
33030003
00034240
32302330
04430200
40400243
04300433
40000240
43443040
03434503
53342240
35402000
44503323
03334300
23003433
00244433
33404442
20000000
FFFFFFEB
00033223
34343243
23330342
44343232
40233433
33043430
23323033
20303420
42443023
24444043
32000022
00032030
30344320
03335303
44304232
22230453
33440003
43033030
03223424
30004434
33224343
24500400
33034330
02434320
20020203
33444322
30433023
00043303
04333434
03400402
22043344
22433503
00420443
40344223
35405400
40320320
23333023
03033320
42203003
45423200
34420000
FFFFFFD8
00000000
00000000
00000000
00000000
00000000
00000000
00000000
00000000
00000000
00000000
00000000
00000000
00000000
00000000
00000000
00000000
00000000
00000000
00000000
00000000
00000000
00000000
00000000
00000000
00000000
00000000
00000000
00000000
00000000
00000000
00000000
00000000
00000000
00000000
00000000
00000000
00000000
00000000
00000000
00000000
00000000
00000000
00000000
