60645454
40000000
00000014
00200000
04220022
32223222
22233033
22033233
30030433
20020033
22322302
23000002
30233022
04303203
43444022
44533300
00003332
22220022
03202045
43433443
22000200
03340044
44443440
04233203
43403340
00300233
03444000
00002332
03330233
20000200
30344403
33333334
44432220
00020023
23330440
33220030
33003045
44542000
34454333
22333333
20000000
02033444
44433044
30230000
00000044
33042540
52432000
32434020
24354240
44005045
45030340
04400304
30030304
40332003
03300024
04304340
03444424
04300303
00303304
04424200
03020443
34440402
40343332
04430030
30304400
04220420
30245020
30204300
30344404
42420244
04044302
03403303
03330334
04344043
30422234
42330004
30003002
22003030
30423043
04032000
30042223
40343030
30030220
20300433
34023224
44440000
00000039
02220430
43444344
34233342
53440324
40042333
43232334
34423033
22322332
32034002
00240200
03033322
20322403
32002223
03404303
24420024
02233023
40423420
34203022
44244223
23333302
40002222
23302032
30204322
32320403
52033303
30303032
33044303
34242200
22004003
30222020
43303003
20043002
52250442
44204302
44450443
22330002
43343433
30002300
23344304
02300330
44340000
FFFFFFEF
34304400
43234533
30433000
00033003
33344000
22002402
43044333
00035444
43453440
23030200
32000043
30033302
00034334
30432030
00003300
30300030
02030300
02300434
32233054
43330303
43033230
44444004
23323300
00303233
42233000
23030033
43023023
32434402
33033030
00030343
30033402
03000334
42032455
04450344
35305300
44030334
33400400
03234003
33004533
43004330
44440000
0000000B
02003003
43334434
34400444
40222400
32430322
33434343
02400303
22242003
00002543
42232230
42444302
43033223
24450054
00022003
03222022
45443400
23003345
53053042
43430355
30303203
23442443
43320302
43330453
02033204
02433300
40334443
33033344
03402443
40204204
43042244
23303034
43443240
03332344
04343432
00003323
33226224
43032332
53342222
33332002
42333324
30420000
FFFFFFCC
00000000
00000000
00000000
00000000
00000000
00000000
00000000
00000000
00000000
00000000
00000000
00000000
00000000
00000000
00000000
00000000
00000000
00000000
00000000
00000000
00000000
00000000
00000000
00000000
00000000
00000000
00000000
00000000
00000000
00000000
00000000
00000000
00000000
00000000
00000000
00000000
00000000
00000000
00000000
00000000
00000000
00000000
00000000
