06045555
40000000
00000007
00000022
03003330
03030232
33343330
00030343
33022033
20003033
32422332
23230303
03200000
22322420
32030322
33022002
02220230
23023322
32022334
54554040
00002000
24423230
00000033
00223232
00345655
60500403
43330040
02302320
00200020
03000000
03400334
32333220
03232334
22245545
53340002
34000044
04504030
50330000
20202002
22000202
20020200
32000234
02302220
30020000
00000004
33234304
30330022
23302440
33033024
30344334
44333003
02332230
33033230
22220000
30230330
23322003
42034302
43200300
40340203
20332333
23302223
40340023
00302223
30332023
03302020
22223222
00202223
03303030
03302332
32234422
20020333
00322222
22220220
02323443
44222220
33303300
22320203
43344022
33433422
42030323
40344334
03433023
03220002
23022044
32232234
42330000
00000001
33344302
23020232
24003234
42200232
23424333
30432222
44444332
33330220
32004300
03234420
23342003
23220222
33434233
23304024
42333220
44443332
40023320
03432202
43004433
40220022
20000002
03300002
30004204
55455243
02032233
24334443
35034343
44334303
34303003
03422340
30220224
30004432
23224300
23322034
43004343
33032403
23223300
00333032
30043442
22333030
00000000
FFFFFFF0
30004003
34322333
23330334
43023220
23243433
35034022
00332333
04343303
33002304
30340230
34205440
00333332
33440430
34044040
03323230
00203330
40323032
00334032
00022303
22402442
43233333
23002400
43024003
20043300
33400302
23000243
42434430
32042333
02003303
44032422
30000330
04044355
40453034
42634220
22450303
33245444
22033403
32020333
24323334
30444220
43030000
FFFFFFF4
00220400
22000444
02022222
33320244
33043332
44234202
03340323
34333330
44233442
33302444
30334403
44044333
23203030
34432440
32320033
33433200
20024034
30030000
23032003
22022030
32020022
03200243
34323332
33433343
45454555
22442240
00320322
30242433
33432034
43233020
20222322
30034434
43002003
32344033
32230020
22020303
30323324
43032004
22220443
44433044
43000000
00000005
00000000
00000000
00000000
00000000
00000000
00000000
00000000
00000000
00000000
00000000
00000000
00000000
00000000
00000000
00000000
00000000
00000000
00000000
00000000
00000000
00000000
00000000
00000000
00000000
00000000
00000000
00000000
00000000
00000000
00000000
00000000
00000000
00000000
00000000
00000000
00000000
00000000
00000000
00000000
00000000
00000000
00000000
00000000
