45468745
40000000
0000003B
02200000
22343330
22020002
00043434
33042020
20020300
02202323
00322020
32033200
00002000
20322333
33230302
23300200
22002033
20002020
20000233
25240430
00000000
02233200
32433333
34000002
20333453
40533444
33334403
20203202
20020000
00000000
50444443
34002002
20033302
03044234
43433334
24040230
24002044
33400230
00000222
30233034
00002200
00322042
42400202
00000000
0000001A
00224300
20230343
43433042
02003302
30323433
45443043
30004403
02204402
43232043
23233344
34234402
03343244
02330332
24202203
22033022
02432223
33203330
22442020
20202242
30333402
04444003
24403004
42322004
03303020
22000232
22000030
00044344
03302044
33003000
00220334
33333234
33334420
20003030
20034044
22332002
33244442
34332043
30033440
20033033
33223223
20000000
FFFFFFF0
42030304
44024334
43423220
32332300
02032323
32234233
43303024
33324323
40252443
00003200
03343243
22004340
34324303
30324024
30303024
23323300
20222200
00302443
33332023
00200232
03333042
03243344
33324434
34440332
33332233
30332444
22002332
00043343
32000032
32030303
24400300
33240333
33233443
04353300
00303434
33523343
22030303
33022303
04434340
05522020
03320000
FFFFFFDB
43223022
33300430
03430023
30322020
04203405
50433443
34302000
03334300
43320333
43322020
02400404
22204302
42033042
20300032
02202430
43203055
34443022
24320000
20423433
42034333
42023030
00040344
00432333
30440303
20323020
32032234
40430403
40323400
03330340
34333303
03002020
03202043
34342433
20203230
03230345
33430220
42022043
32023233
30243233
43344342
04000000
FFFFFFBB
23044434
44440323
44023334
44343442
33443330
00000333
22033420
33343322
02334333
44400243
02333342
24444433
40000230
04024223
23430222
20002233
03203033
44332032
43230333
33004303
43023004
32330332
34343202
33233232
04444403
30000240
03330332
34403302
04444440
23000233
22333302
22323233
33003303
00320202
02020003
22020032
30230223
34223423
43003302
02045534
44440000
00000024
00000000
00000000
00000000
00000000
00000000
00000000
00000000
00000000
00000000
00000000
00000000
00000000
00000000
00000000
00000000
00000000
00000000
00000000
00000000
00000000
00000000
00000000
00000000
00000000
00000000
00000000
00000000
00000000
00000000
00000000
00000000
00000000
00000000
00000000
00000000
00000000
00000000
00000000
00000000
00000000
00000000
00000000
00000000
