06564454
00000000
00000000
00000002
02330303
03203003
33200300
03042030
00000300
00233432
22002030
00000000
02000220
03302003
23023022
20222200
03332022
22323020
00000043
05550402
02000200
22020322
20030033
04003000
03045556
55550000
40434304
30000000
20020002
02000002
45444445
33230233
03023020
40443305
40302400
00302300
00030034
00533300
20000200
23222000
00000000
20233030
40402200
20000000
0000006D
00332223
43440440
34030344
03444434
43440000
00000030
44433403
03433422
32300322
23245445
24433204
53003343
20320003
30000203
00234020
42303334
33202440
00330030
02043222
42334544
40300002
32330204
43022202
34203200
44303303
30443340
00202233
00245334
30004432
00030000
33404245
52400343
44022033
33223200
03303002
20233002
04433433
30204304
33303004
33402203
30440000
00000042
43034233
04334044
33243304
24333204
42423335
42440434
24403224
43334023
32304304
44333020
03323330
03403430
30204203
33333203
33330423
03042322
32333020
20330243
40202002
33025434
50200300
33202320
00033044
25525234
42443430
03323424
43442443
30200320
43300030
02344404
40332333
43033240
40023403
34353323
33220005
40440435
32342044
32324224
23334200
30002233
33200000
FFFFFFE6
23420033
04334000
43332430
20424235
03223022
24223442
30333400
23423333
24043330
33320300
20000400
22232323
24343404
30320022
34234340
03244032
43222303
24204333
44242334
40300203
32344024
44000304
02440020
30042030
03203020
34234323
20443004
42233030
33203554
40034330
34333034
02004230
43322020
44323224
32303232
22333200
43240223
22033223
30333443
43022304
04040000
00000010
43033300
24433224
33223002
23003200
03232540
34343543
30444042
03323223
02222344
33320323
40343022
32432223
03030033
33424024
23234330
23344243
34444332
03302433
32033344
35043043
04224200
03032303
33003322
20234400
20224002
44223303
20444234
54444464
03234424
32030330
03244045
32304034
43203300
00303402
00023200
22404505
50440422
43404444
30232334
20034344
02320000
FFFFFFE0
00000000
00000000
00000000
00000000
00000000
00000000
00000000
00000000
00000000
00000000
00000000
00000000
00000000
00000000
00000000
00000000
00000000
00000000
00000000
00000000
00000000
00000000
00000000
00000000
00000000
00000000
00000000
00000000
00000000
00000000
00000000
00000000
00000000
00000000
00000000
00000000
00000000
00000000
00000000
00000000
00000000
00000000
00000000
