45534655
60000000
FFFFFFBC
00320220
04324224
03220020
02033533
53453202
20203320
33202320
20230330
04204023
00233323
23334203
00020332
33233333
22320003
02300200
00000023
04233224
33433322
20000002
00022300
20000000
20003435
43332033
03000032
43043300
20030030
00000000
32203020
42233332
23323423
30300022
20003053
35030444
54443400
40323332
00220300
00000000
00222323
32002330
33300000
30040000
00000030
00330002
42032043
42430524
52330000
04203004
00033033
33033002
04034320
32002303
00042243
30030000
02320202
30303024
03000340
23222022
45434230
33030400
00032333
20323403
00430440
44243544
23344043
24230342
34324343
30200000
33034330
33302320
30030332
03334243
00332230
33200030
33302200
34224322
32433432
23032003
40400443
30030003
02033054
43202230
00023400
32000000
00000016
43333330
02330200
34440023
04400400
20022334
43300443
30203303
00033330
23302030
44440342
33233040
24022223
24423032
02020032
00330002
00220323
04533403
45453454
00244044
20300433
43002033
24432322
20002430
32323032
23322043
04300342
30430330
55032000
02342300
32233333
03334254
30420302
33333544
00243332
33040220
43233022
22302332
02330333
00202323
32303234
20420000
0000003E
23222323
03340430
30553442
44444400
02223440
44033343
03432263
43330230
40034000
43320432
33340033
40440432
20245444
43432400
04220004
00040433
30224334
00342330
34240002
04320430
02443434
43425403
02304424
43444200
35430200
20440340
34333300
30300004
43433534
44443230
33034442
22324433
34233043
34000324
33523000
03403000
34330200
22050300
43340333
34340400
00300000
00000009
32300233
20434440
30235045
32340032
33420022
23043343
33032332
20430434
33340223
02402323
32323302
02342242
53303304
30332022
02203344
33322030
00202230
04430002
32032423
05043403
30322433
44433333
34343430
20030332
03300024
34323300
33033033
20003320
32030232
22033330
33044203
33443303
33443323
40003202
00332032
32234030
30002342
22343222
00000025
30304320
02220000
FFFFFFE9
00000000
00000000
00000000
00000000
00000000
00000000
00000000
00000000
00000000
00000000
00000000
00000000
00000000
00000000
00000000
00000000
00000000
00000000
00000000
00000000
00000000
00000000
00000000
00000000
00000000
00000000
00000000
00000000
00000000
00000000
00000000
00000000
00000000
00000000
00000000
00000000
00000000
00000000
00000000
00000000
00000000
00000000
00000000
