44544456
00000000
FFFFFFFA
20002300
02330003
00220302
33303300
32433033
30223230
00233300
02203303
20002200
00022002
00333324
44000333
34502333
40002002
20332200
02002234
33540320
02222202
23230032
23443443
20003222
43433000
03530204
44444300
32003000
20203220
00220020
45345304
53232004
30022033
34243255
33533332
02232000
03004055
35543300
00220233
00020000
22000000
02002432
32000200
03000000
00000034
33302322
22020320
23243023
30202000
22400330
00000000
23302223
03334200
34044334
30233032
33033033
00200400
43034433
43340303
32034320
33033220
32030343
33322000
03343043
23033002
00200023
00303003
22303304
30400333
23233320
00322233
03000333
00303400
33200233
03200200
00233400
02004444
33000034
03433233
44440324
44443443
00000330
30220333
33300030
20022020
03320000
FFFFFFEA
02400333
44334444
25302233
03330223
32025035
03303304
43440404
33324402
24424304
00023200
52234424
40023022
00003022
20032330
43433304
03342323
23230003
04330504
00422343
30303320
34233022
03344255
34403422
23304320
33233332
30043403
43444344
00205445
30034033
43403533
43320042
20000223
32334000
00022000
24404402
42004334
30043444
40000033
04432245
22202220
42440000
FFFFFFF3
34403023
00000223
34443303
43343302
24330032
23442300
03233325
42445333
30000400
30204403
00200333
03053444
43323040
33023032
35304300
40344030
33203344
00333244
33330042
04030330
33030303
20033034
42040433
03403043
23343400
04000303
33330043
33333030
32004200
23234003
23333240
40030433
40230343
00020233
33223324
54322055
43230040
34303344
40333003
03034004
24200000
00000008
33242333
04403430
20243242
03234344
33344233
40352420
42243044
20403432
33234344
42332300
32233033
32302320
20304224
04323333
33332024
20300234
03402022
23220002
00020033
02224233
24433433
33333000
00040230
43242402
30023242
24033030
24023233
30033043
00030233
00304400
33000302
00302032
32340430
50044340
43303004
05044220
00000332
03032303
30023330
03343043
02340000
FFFFFFF1
00000000
00000000
00000000
00000000
00000000
00000000
00000000
00000000
00000000
00000000
00000000
00000000
00000000
00000000
00000000
00000000
00000000
00000000
00000000
00000000
00000000
00000000
00000000
00000000
00000000
00000000
00000000
00000000
00000000
00000000
00000000
00000000
00000000
00000000
00000000
00000000
00000000
00000000
00000000
00000000
00000000
00000000
00000000
