36344553
50000000
FFFFFFD0
02232020
23000043
33202022
00003304
40033000
23204232
20200232
20333300
02220203
20032000
04322000
34330222
02002222
33323223
32302020
00030203
40440332
30002200
22303300
23330003
30002023
00253555
60550044
34343042
00034002
00220002
00202020
43554545
40323000
32322330
33304304
43354004
04004430
03000344
54454053
00300302
40230020
00000220
02430002
40422202
02200000
FFFFFFF4
20044302
20032032
00230030
02003044
34333033
03000302
02340203
30000334
44444444
00204404
30000003
00233323
30044444
43323332
00020332
22000302
00223323
03333030
23023244
32302233
32320443
02332342
30034203
30332433
44444400
34003333
33443220
03300200
03242200
22343455
45403200
00303324
44222202
20303344
32333320
23032033
30000424
40020022
22400004
22000220
24330000
FFFFFFFC
40032300
03224433
40332432
42402044
30030240
02333002
33333342
02444440
20230223
33003244
23202323
02442343
33334402
20023240
33044323
03334352
34332032
00332333
03330030
05434002
33402322
22020220
32234233
02023503
03033044
30333443
32324034
32320233
30443434
22202000
44444333
23223034
22023444
43243024
30023034
33232203
32302003
40202004
32234023
04023000
04540000
FFFFFFEB
43333320
30303302
02340340
33203343
22022432
44003523
43302000
03224004
44330530
02220003
04344002
33333333
32342342
33334003
43343433
02330220
00400432
30303032
03433002
32430304
43342000
22343403
44033034
30020340
44232330
30333400
44334223
40234404
43420030
04204002
33334203
34000202
02203403
23240223
23420300
23234302
34323300
03033043
03202000
00044443
40030000
00000003
43324202
43434003
04244220
34302030
23422233
00044022
02323200
22223442
33342442
43230333
20232223
03322340
04020034
02234223
20322222
34445330
44420322
20523403
00000034
02232000
32433003
44422234
33423323
33042433
32343322
24233023
32233222
33222342
20022032
30232330
23333220
43330020
00000244
33330000
34030023
33023355
32043240
42032033
20230330
22432202
40220000
0000000B
00000000
00000000
00000000
00000000
00000000
00000000
00000000
00000000
00000000
00000000
00000000
00000000
00000000
00000000
00000000
00000000
00000000
00000000
00000000
00000000
00000000
00000000
00000000
00000000
00000000
00000000
00000000
00000000
00000000
00000000
00000000
00000000
00000000
00000000
00000000
00000000
00000000
00000000
00000000
00000000
00000000
00000000
00000000
