45453455
40000000
FFFFFFDE
00320000
03020003
20202002
20230024
44330000
20023330
40002233
02022232
22002002
00200002
23323203
23220200
00300000
33220200
33022333
42000024
55540042
20000030
00330322
00024030
00320002
00004566
45453003
40003430
33300300
22220202
00002200
45454344
02003222
30230000
43244345
44333343
32044400
00330304
44443302
20302003
03003002
02000032
23240300
43300000
22200000
00000003
00340344
00004344
04303400
30203332
03033304
42333000
40032200
42020200
20220332
02330230
00300430
43203440
34302303
32333340
34324334
03303033
32333420
23203332
20333234
22300402
22033300
30042244
33322033
00324020
22322240
04303234
33333303
24023323
00030022
32200022
22233324
43330223
30023304
30323200
00202303
04334230
34330044
33334333
32344032
34324434
52440000
00000020
44043043
03302333
24043440
24402300
00032434
40054002
23322002
20222344
43243443
33334043
33320030
04320030
34234302
30443434
04333333
33343432
20400320
30302033
30030043
30320330
43334334
33444433
43334442
33303300
22202343
32000343
20333543
30032332
23000000
32033053
45303422
00032000
33233302
33020000
43544302
04034433
43433432
03453340
33320230
30330030
02330000
00000002
23303023
04043040
30205444
04033420
20243333
32332455
34400334
33400023
42453330
03400300
02303343
43442232
33230434
34333003
00303330
33402320
04203030
30033043
32340423
53332430
22304000
30330032
33202033
34320235
20403422
53344304
40003333
44053040
00033000
03344244
30030242
03330400
43344030
24242220
22430033
44003003
02332342
33303324
30444430
33344343
44040000
0000000B
23303334
30203002
43203023
24444344
40233203
32033344
34320203
34343020
04000332
43033220
02242343
30003334
00300430
40020452
04000333
23320320
20030043
30420533
00222432
43300330
20332330
33253443
20003030
00022443
03420333
44034044
34204402
32330033
33343000
40334400
30230302
03032043
34042344
34433052
35404030
22003302
23422042
40343443
44042443
02333442
34300000
00000025
00000000
00000000
00000000
00000000
00000000
00000000
00000000
00000000
00000000
00000000
00000000
00000000
00000000
00000000
00000000
00000000
00000000
00000000
00000000
00000000
00000000
00000000
00000000
00000000
00000000
00000000
00000000
00000000
00000000
00000000
00000000
00000000
00000000
00000000
00000000
00000000
00000000
00000000
00000000
00000000
00000000
00000000
00000000
