65400065
00000000
00000007
00000220
00043003
33043303
03230434
32344232
22333222
00002022
02032302
03000000
23300320
02322343
42324333
03232033
03320030
00020000
23223225
34252400
20000000
34200333
20343300
04000022
00005052
50404043
30234340
43434200
20000002
30023002
33504303
43020330
23244343
24424443
44430434
24022054
43434440
50300303
22200020
00200223
20030000
00400202
33300300
00000000
00000027
30033355
40340333
22030033
40344344
02303005
54322420
40432430
03404422
34032032
30430432
24034003
00304543
43003030
43003043
40423332
43323430
34243033
34304000
03440202
20203003
30244034
20243444
42323400
23404032
00200044
34540003
42222300
33000344
33303444
44320303
00234023
00000304
43003330
44332003
33224430
03324303
43304423
33202024
32443324
00020033
03320000
00000050
20033320
30324345
40300430
43244030
34353034
33022203
20322434
00300003
45334333
03300303
03000303
03343444
43034022
34330300
34444033
20242303
32024344
30430333
30333300
32224003
23403300
30224243
34235400
33344043
44204240
43340033
32324333
23403003
40234404
43403333
42444420
32030303
20042003
04203244
25434040
04330320
23303034
43343443
30343334
02440043
04400000
00000054
45034022
24000302
02302300
32304303
23204020
22222002
20323043
44042030
33233220
20302230
00033300
22424533
43023403
43340020
22323403
40302330
33033334
04503023
00330404
43403433
03302304
43043430
34430240
04043234
00030223
40043303
20020000
43323334
22034020
03400030
43020003
30322434
33433444
24245400
32203432
40323220
03022002
23200343
33200322
23320332
30320000
FFFFFFEC
23223303
43433320
22432442
43033000
40330424
32440200
22202322
20333032
43332302
32430032
02042022
03030243
03242200
42003253
32233244
24430244
34440302
44302234
20323204
42023433
44303000
00345542
30033340
02243002
00222004
30003000
04333332
03003300
02242440
30442343
32220302
23443332
23223302
32320342
04330003
32404304
03020020
00222222
32333333
42430423
30320000
0000001E
00000000
00000000
00000000
00000000
00000000
00000000
00000000
00000000
00000000
00000000
00000000
00000000
00000000
00000000
00000000
00000000
00000000
00000000
00000000
00000000
00000000
00000000
00000000
00000000
00000000
00000000
00000000
00000000
00000000
00000000
00000000
00000000
00000000
00000000
00000000
00000000
00000000
00000000
00000000
00000000
00000000
00000000
00000000
