50334032
50000000
FFFFFFF9
00200202
23232233
33234333
00003430
20022330
03222320
30002200
00002002
02023233
20000000
03002233
23223220
33022032
20000202
00200000
00000000
00003202
03000002
00222322
34443003
32332000
00044300
03000023
33330430
43233300
20000000
00000000
43332033
02220000
00332002
20222233
43222302
34220432
33302355
60004440
00000200
20000022
20232330
22322220
22200200
02020000
00000006
30220023
02022042
03000333
03042043
33320000
00022303
33023233
03233220
33043032
30344424
40300400
40033203
30240344
44440320
30232223
43404422
02320300
34344043
32234335
00430422
43000420
40230203
23004233
34323200
43330040
04343023
22432222
22424444
20033320
00003204
20443342
40234233
40243000
44243432
00230224
42543424
32022334
44334040
04300434
24433332
23220000
00000013
23332433
44433433
30300333
02322300
03435430
03300424
42303444
43440343
45300234
23003002
30343034
44400343
33303234
43442000
00203303
34322043
24343330
04332333
04434003
24403402
23244233
00204400
24440040
30034542
30332303
30020220
34443302
34400502
03423034
35200444
44423444
33334342
23023003
44033333
40000023
33203202
44244402
33000022
00202003
40402203
03440000
00000028
24334343
40004300
00223302
30030345
43440453
34432230
20203032
33434330
00000002
33343320
00004444
33343042
02345504
44443042
33230030
00304344
34530324
00442203
04423403
02333304
34334033
00304003
02300230
00000304
40202224
40432433
43033000
30403320
02002200
23330000
40003403
20323032
03220333
44444400
23420030
30433444
03203330
33004003
04022002
23303300
33330000
0000001C
24320232
30003032
30020040
23234423
30220440
02204222
33223233
32320020
02232324
33332000
34034020
03300034
05432334
04433440
43320033
03304422
00233003
33323202
44444044
32333430
02043340
54534304
23234444
44333332
00234044
53442332
22033444
43044040
23432333
33430300
23343300
02422220
02233244
24344444
33303234
03330032
22032222
33353033
32223320
43423043
32320000
00000020
00000000
00000000
00000000
00000000
00000000
00000000
00000000
00000000
00000000
00000000
00000000
00000000
00000000
00000000
00000000
00000000
00000000
00000000
00000000
00000000
00000000
00000000
00000000
00000000
00000000
00000000
00000000
00000000
00000000
00000000
00000000
00000000
00000000
00000000
00000000
00000000
00000000
00000000
00000000
00000000
00000000
00000000
00000000
