05644035
50000000
FFFFFFD3
00000000
02443432
33443334
20340454
44042020
22000024
03330223
33003003
03023220
00223333
30443442
34200442
34300020
00003220
00300000
00000002
23404330
00000000
33403422
40323303
30332240
02040350
04435404
33434220
23423420
00002000
23002200
00003034
44033230
00334233
22343403
23230330
03023343
34433445
44440330
20000002
02333423
40333333
43030302
20002000
02000000
0000003A
33020232
30232434
24034000
02033000
00330300
33300330
34033332
33302334
23232232
02233232
20403040
40303455
04432045
44440002
34233044
33003333
03442233
23443233
03033034
22454402
43002034
44430004
40033033
00302303
32000300
00000004
30443332
00035205
44333304
40000232
23303404
04332223
03202223
44223203
33433243
03453044
20222230
32003223
03430554
33223234
32340000
0000001A
03420202
00242040
04324000
33302335
33340023
00222002
44344303
00343222
24302343
30243245
02040240
24200220
23322030
34302243
30200222
40242240
03000430
00022034
24334300
30322403
32000343
03323344
42033334
44233320
53255434
33444032
33020030
04224204
33030434
03302423
44234344
02230003
33443003
03500003
30330552
03200022
33233433
23320204
30000223
00332002
23300000
00000030
00333330
35423442
04303330
22334424
34204433
20302020
44233320
02223233
30242300
00003334
30343340
43304333
32200040
33334030
33020403
04544422
20333303
22034030
20240330
32034204
30304300
43320033
23335004
04403020
40442534
44022203
03300303
54433433
32030340
02300433
32023340
22332040
40444033
32000000
03023003
24302000
44302030
20020034
24320224
02003403
00000000
00000016
33243345
54432023
00220402
00303402
54223303
02034334
30324344
30000234
44230330
43030002
22343023
42333332
23003420
30202220
32033000
00033320
42324324
44000022
33233302
02034403
33332330
00304432
30203430
33300030
03224333
03332433
43222033
33232434
40033434
40320032
23304400
33443034
32403304
42442204
32232334
03440233
34233032
33423223
43023454
44003302
32300000
FFFFFFE7
00000000
00000000
00000000
00000000
00000000
00000000
00000000
00000000
00000000
00000000
00000000
00000000
00000000
00000000
00000000
00000000
00000000
00000000
00000000
00000000
00000000
00000000
00000000
00000000
00000000
00000000
00000000
00000000
00000000
00000000
00000000
00000000
00000000
00000000
00000000
00000000
00000000
00000000
00000000
00000000
00000000
00000000
00000000
