34420405
50000000
FFFFFFDB
00202200
03020200
20030200
02002430
00034003
33022203
03000002
20033033
23020002
22000000
25440330
20023320
23320243
34333322
00032200
20000035
03030223
20002000
40223332
33434300
02203223
02300300
34034544
33220432
22032022
00000000
20200300
55530344
30322034
43430320
32055444
40332444
20000330
00032054
30003000
22000000
20200222
22020000
00354020
00000000
00000000
00000003
32333003
30330444
00400332
03304433
43003003
00232000
03220330
03334200
00300200
22003442
03300444
22300330
23002302
23343222
03320203
30043022
23320340
22300332
44344444
40023024
32002420
44232220
34322244
44445000
30043223
00330200
02200343
22022444
03203002
00232223
44430003
43230230
02000300
30243043
34332324
02033340
04403233
30003342
32332430
30000234
42340000
00000015
40432232
34423422
40403224
22403034
42240344
34534330
23023332
03234433
40044304
23324404
00332322
33334344
03300302
30040443
34404202
02302402
30020002
33333004
23023223
30233032
20230302
30034043
33234044
04504203
32403023
02303433
23330420
03324000
03300202
30523534
43324345
24402222
43434200
23333430
34224232
32232333
22443343
23443340
33002032
04044304
24300000
FFFFFFE2
33344244
43024433
02455433
04203333
30403434
42330444
34430444
43243334
04340330
42434424
30422223
34432000
03202244
44404245
33433023
00055345
43022033
40003232
03030434
42223030
00423032
00000000
00340233
43444203
03232333
34233200
04002000
53400244
00253423
23542443
03302400
32320443
00343430
40220232
32302322
44330000
00254230
40332045
43330330
20043303
33330000
0000002C
40403034
00200230
42430430
33443032
00220334
03000332
30323324
42233223
44034330
34402323
34333222
20323054
44434423
32433333
34433200
22244333
00002233
23322404
03250432
43202032
00000202
43304243
30422304
33030433
34333434
30024430
32554303
33020333
23000322
20232002
02220333
40230420
44302304
03320432
00320340
04433322
30333202
22423023
24440322
34402332
33320000
0000001A
00000000
00000000
00000000
00000000
00000000
00000000
00000000
00000000
00000000
00000000
00000000
00000000
00000000
00000000
00000000
00000000
00000000
00000000
00000000
00000000
00000000
00000000
00000000
00000000
00000000
00000000
00000000
00000000
00000000
00000000
00000000
00000000
00000000
00000000
00000000
00000000
00000000
00000000
00000000
00000000
00000000
00000000
00000000
