05567400
50000000
00000027
00000000
02303340
44200230
32200503
54443023
30300302
33000030
32222203
00233330
20020234
00332444
42302303
32300020
23000300
40342033
04404404
35545450
32233033
30230033
03003030
03232332
23354355
56550334
30533200
03023000
00203300
20020000
30333040
40220322
32200004
20344355
55550333
02403334
34443403
33443433
02202030
00000024
22202303
30033000
24302000
02200000
00000014
22232000
02333424
23202343
22234035
00000030
03000004
34042334
04554340
42403443
34354544
43005334
00003400
43002433
04233232
00002332
30524433
33340233
42435344
33443404
23444240
40200430
42223343
44403032
40032022
00230034
00533300
03030000
45244322
00302030
30030023
20224044
32430440
30034044
44343233
43030000
44340342
43040403
02330203
34343533
33002202
00040000
00000039
30230030
33020033
34440034
20202334
03324303
34343320
32300330
20333423
00543242
33032244
03420203
00433023
00220000
30242004
33330000
33233320
20202333
20200203
23033322
24334434
03333332
00000200
33230003
00033002
02022323
32332203
02233220
33203330
23303303
32444204
03344344
54000030
33444200
00200332
43420223
32443454
03234403
22302304
44403233
00003400
43430000
FFFFFFF3
32022003
04320303
23343043
00244433
34323343
20402203
33300323
33344304
30404404
30203430
40323034
44343033
30200330
02300300
22342323
23034303
44543324
03203000
20304303
43032320
34344343
00303003
30002022
34400023
34333224
43022205
43433043
00240240
04542333
33440333
30003032
23402342
34244332
20202340
44042222
43400325
20302400
44032444
03332243
05003030
22000000
FFFFFFE9
30002534
44440242
24320330
00033443
04322324
34302344
44333300
23302340
02004333
23433354
03332002
03442045
53033043
34333232
03004540
54240344
33343033
23323333
20243040
43243043
22233343
30255444
33032003
02340005
00444343
24302233
32022330
03434433
40334034
04443230
22005034
03400032
44202323
32033303
23022303
33043024
43054033
20224423
02303334
24450343
34420000
FFFFFFED
00000000
00000000
00000000
00000000
00000000
00000000
00000000
00000000
00000000
00000000
00000000
00000000
00000000
00000000
00000000
00000000
00000000
00000000
00000000
00000000
00000000
00000000
00000000
00000000
00000000
00000000
00000000
00000000
00000000
00000000
00000000
00000000
00000000
00000000
00000000
00000000
00000000
00000000
00000000
00000000
00000000
00000000
00000000
