05370464
00000000
00000024
20000000
24244254
24020330
20304334
33330020
20320332
04303200
00003002
02000200
22020020
03032443
43000002
22220003
22320230
33003032
03302302
03344250
03232000
22304434
30032330
20020020
03203033
43340222
30243203
20320220
02002000
20020000
23033030
33333333
40022030
00044244
44442333
32230434
33404444
24430040
20200002
03023333
20000002
00232233
24420220
02000000
00000023
22333320
40330403
03030433
44023004
32004034
24304042
04003033
30430023
20300223
33334022
00003000
34420404
20330004
33034304
43003000
44044020
03030000
43230433
33230000
04024404
40320304
32440023
00342000
30030403
42430444
00400000
32422303
33444002
44424432
30000003
30030433
43443302
32000033
04304442
05434244
03423004
30340300
04033343
04030040
32220043
24220000
0000001D
33234400
43000000
03000203
33223023
34400203
44433202
20324033
44404443
34322304
30444003
43402333
33034044
42403032
30303330
33230223
43440303
32322342
30033402
53405034
00322042
03202320
30234002
40334323
44533333
02323320
00432340
00203003
03000333
43432233
20332433
22202240
25503343
33042424
44334533
44034303
00422432
33003300
43333320
43323344
34420003
23200000
FFFFFFEA
00000334
20330033
03223004
30220234
33453322
22330400
44020220
04423303
54404444
00024323
03004433
30420234
04543204
34003000
00040334
42343233
33300323
43303232
30340440
04442000
04302203
30334303
03003433
23323230
30000033
43432303
30020030
02330040
04002330
33030540
00330004
44452343
44400323
03202300
02200204
24200533
00040240
40000040
22023300
40220300
22030000
FFFFFFFD
32003000
20420302
42000332
24023204
33302304
42243334
02233242
04442204
33303303
22420200
00033343
02004230
03032330
23030322
33033343
34034223
23402403
22333222
30433424
34245304
34002033
03002302
02023200
04304203
40330322
23232303
34304232
23243344
43203204
32443443
33322432
23203403
40434323
22300000
30240203
03003433
40330030
33330043
04302022
23440023
30020000
FFFFFFF4
00000000
00000000
00000000
00000000
00000000
00000000
00000000
00000000
00000000
00000000
00000000
00000000
00000000
00000000
00000000
00000000
00000000
00000000
00000000
00000000
00000000
00000000
00000000
00000000
00000000
00000000
00000000
00000000
00000000
00000000
00000000
00000000
00000000
00000000
00000000
00000000
00000000
00000000
00000000
00000000
00000000
00000000
00000000
