44066654
40000000
0000001E
00000030
02342003
34003302
03044033
30440034
00244330
20322032
42033220
00203000
00020000
02024403
03304202
30233003
02020302
02000330
02300354
50555330
03223002
02020420
20204305
32202300
23366545
66403000
00400330
30000022
30202322
03020300
35340305
40033200
23003030
34054434
45403304
44200000
03000333
04030302
20002020
20043033
00000020
00444300
34020402
03220000
00000027
32022304
40230303
00034300
00333303
33004003
34004003
33034040
30000034
32433233
04300000
03340004
44303330
03302030
30300330
22030030
02334332
20003400
33344343
30202300
02430300
30302200
03003343
44440443
44224432
33403303
30000330
33300203
33300400
30000000
03202003
03304400
33032222
03002300
00333323
32330043
02223324
33004330
34333332
32430040
44400022
20000000
FFFFFFFA
43300030
25503334
54203003
03342333
43334004
00324034
00004344
42004545
44233300
00334434
40030023
22343434
44403223
34032000
00033554
55522023
30334430
23320430
23023003
20204324
03202033
02334330
00400302
30400404
23200403
23434203
42332030
30300304
53403332
23303032
33302335
40244422
30200004
02403022
43334300
03303332
04020044
52300232
03332033
02230043
33330000
FFFFFFF4
20220203
44020340
34430332
34330200
22023320
00023322
32233320
23333403
44335055
44300224
40322200
33232340
32000334
43033320
34033024
42030303
02330432
32444334
20044220
03003200
23233343
24323440
33420344
22200420
42223030
04303304
33320020
23303420
33342442
32500503
20320423
40032033
34034202
00333223
00430440
44404222
33243420
04202432
20003334
20434440
23400000
FFFFFFEB
43454254
04443422
30043434
44022030
42004242
00333545
04443553
25323444
43222033
32304302
33543042
32323003
33403040
24402034
44034302
00022234
20203333
03023333
34454332
23224443
32232033
33544444
32443203
23400333
20330344
34430533
30303203
03334354
04332424
44233042
20030323
33342334
44003003
33200324
42324432
34234003
42430300
04334354
03003303
02323002
32200000
00000006
00000000
00000000
00000000
00000000
00000000
00000000
00000000
00000000
00000000
00000000
00000000
00000000
00000000
00000000
00000000
00000000
00000000
00000000
00000000
00000000
00000000
00000000
00000000
00000000
00000000
00000000
00000000
00000000
00000000
00000000
00000000
00000000
00000000
00000000
00000000
00000000
00000000
00000000
00000000
00000000
00000000
00000000
00000000
