46555534
00000000
FFFFFFEA
00200000
24544403
20002002
02304424
40330200
33233000
20202420
00020002
00000003
23324423
33444423
02000000
03023000
00230020
03023002
22222200
00333002
23333343
00320000
00020022
03000320
20053204
23303320
22232244
44443300
20220020
00000000
54042300
03000230
02302344
23323332
30330342
34244334
30323034
43444540
32330300
02222322
20000000
00222503
43420302
30020000
FFFFFFEB
23044323
02325344
33332323
33324043
23303440
30030440
23234334
30403302
03330002
34303303
23200343
44400333
02300320
03430323
20002032
23000034
03520400
44030222
04220000
02403243
03320000
33344204
02333404
02300200
20020234
00400322
30443230
04040430
34432433
40444243
23204043
44030003
33320243
34033004
32302320
32422300
23303302
22232303
30000000
30042030
00300000
0000000C
00402200
24440430
03303034
03333443
00034302
22033033
00033345
52300032
30323303
34402022
30444433
42344244
24424045
40323423
30200443
34344530
04442333
45434433
30030320
23223220
03233233
33232240
22222403
42332330
54530334
33344344
24302323
30033400
00200003
00302020
32344434
04322322
32202443
30032203
20400322
33233033
03342302
03342340
34204443
32430230
30430000
00000036
45434042
03033324
43223200
30334302
03300303
22042300
43233432
33403304
00002340
00320043
23003004
55220222
03403003
03022323
00303023
42002330
23202203
22020202
02000000
33433332
53332340
34332333
20333023
32030233
30403434
02304032
20344432
34020333
03233433
33444330
04433203
32034324
32003020
44534322
00043430
00044443
32443334
30223034
44044022
30423230
03030000
00000027
42423303
23444430
02244230
44343544
05020233
53444245
34230032
00033333
42433403
33345440
30024424
30332453
34432332
24030032
32333224
00030232
25445454
30432200
22403343
04402020
20344443
00034324
02404402
30333330
34404500
02334533
30322202
44044003
22020000
30403042
03440033
20033222
32342430
02034033
20030033
43343020
43442223
20320040
20333202
30244532
03330000
00000024
00000000
00000000
00000000
00000000
00000000
00000000
00000000
00000000
00000000
00000000
00000000
00000000
00000000
00000000
00000000
00000000
00000000
00000000
00000000
00000000
00000000
00000000
00000000
00000000
00000000
00000000
00000000
00000000
00000000
00000000
00000000
00000000
00000000
00000000
00000000
00000000
00000000
00000000
00000000
00000000
00000000
00000000
00000000
