50453530
40000000
FFFFFFEA
00000000
22030333
34030304
22444443
33002202
03002332
30020220
22222220
02002003
22222022
03343023
23333423
20400000
00002233
03200343
34243234
44252404
42230222
35544040
34324302
20322303
02333030
40404433
43200233
43330300
20000003
30000000
00033330
33233223
03002220
02203300
30033232
20204304
43004444
22350033
43440420
20032222
00000000
03230433
43220000
00000000
00000009
43422000
00340440
00040340
00334435
43003330
40303002
34300233
30323303
44454202
34324202
34005300
30030042
03033234
30030233
32020422
22220000
03020302
30340003
34000030
34502503
30220330
33233304
40033432
40200030
04044444
30430002
30343200
34004003
03302303
00002040
02004305
30034402
22034233
24332330
33533340
43030222
00333003
44420232
43032043
00332233
22320000
00000036
43243044
30033034
32402420
40044423
40330432
32030320
43244244
40033000
43233234
53000202
02233004
42003320
34433303
23323330
34344240
02002344
30223240
30003404
34344344
04235434
53002330
44442020
02030323
42243003
04530030
20340440
02432424
02040042
23332202
22433440
34402020
22224332
24024323
40344040
03000034
33433333
22433233
32343230
33340302
20053243
30230000
00000002
33040300
33040440
00440530
45443033
24534040
44454340
45344430
03403340
30400303
00323002
33332430
33034443
34303333
34443030
45345030
30004403
43340332
44330333
03443333
04320330
43433000
43440503
02540202
32424443
23344333
04303035
50003043
03444004
30354403
30440000
00333220
00220000
00034330
30000303
33300343
40430030
43033330
03053330
30430034
30440000
33300000
FFFFFFE6
34023020
53245003
44030030
30043403
23330030
40003344
22403422
44344333
34434354
23330440
02403430
03304034
44342323
43325444
30244432
00432443
00343042
33000300
30534400
34000043
32243404
40433000
04032304
44033433
00343342
33022332
23030043
34440304
43530330
40030430
20302033
53000543
20344443
34402334
43034503
23423324
30322423
00003300
54433223
02243003
40220000
00000003
00000000
00000000
00000000
00000000
00000000
00000000
00000000
00000000
00000000
00000000
00000000
00000000
00000000
00000000
00000000
00000000
00000000
00000000
00000000
00000000
00000000
00000000
00000000
00000000
00000000
00000000
00000000
00000000
00000000
00000000
00000000
00000000
00000000
00000000
00000000
00000000
00000000
00000000
00000000
00000000
00000000
00000000
00000000
