40565356
50000000
00000013
00000000
03444434
33223023
22304054
33403040
00303000
20202232
02020232
32023000
02000002
02320000
00230004
23420200
00023333
22330430
23033040
44444342
20202030
32200000
30033204
33323223
03255366
54533003
30000022
00300220
22023000
00000000
33000340
02202300
00232233
02254454
45430300
40340304
33400444
04000302
00220002
20320220
22022030
02003032
43300000
20000000
00000022
00043344
52000330
03033044
00004320
02220534
55323343
30003003
40030020
00303320
04424433
30003000
00300444
30223334
40334034
40444333
03230044
42030200
44344302
02203030
02300330
00300320
30033202
30243303
30433322
40332304
33003002
33244344
30303403
34444453
33332400
43333434
00333232
20200324
32442300
44442443
03333032
24235434
20323320
03334444
43320344
23440000
00000041
33034334
22322233
34334344
00004234
30033024
30230302
30423423
20340303
04244004
34333303
43020232
00204223
32222203
03232203
33004333
03033033
33223333
24342043
33330003
03303000
00233433
23323032
33024332
23332334
24544334
43334320
20304203
30334433
40240440
33423423
32445554
23200322
03403454
33403343
33243240
00224320
33234334
00202002
40302003
33334020
23230000
FFFFFFFF
33443040
33424432
30423432
20244024
20444403
43300040
33424442
05332034
43333402
44344400
30203322
32343330
33344444
40300330
43323342
33042344
03323322
03044322
22200202
00342333
02030423
30035544
44300223
43330203
20330323
33423320
22230223
03044332
04003023
02020333
42230320
43334435
30323342
03203332
03400423
23000223
32332340
32033023
04043240
03300403
30000000
00000014
43343020
00320020
00545432
00303200
23242423
42003334
23220203
03440344
20343302
03024423
24303232
03330034
03332020
02024323
00322000
30024044
33020333
32200032
33333334
03433424
42330222
20000040
24033333
40232033
20203023
32030032
22020200
02243403
33333403
44032230
23343242
24322240
32340342
22232303
22250450
40033033
23002202
03434404
34202320
23233203
22340000
00000001
00000000
00000000
00000000
00000000
00000000
00000000
00000000
00000000
00000000
00000000
00000000
00000000
00000000
00000000
00000000
00000000
00000000
00000000
00000000
00000000
00000000
00000000
00000000
00000000
00000000
00000000
00000000
00000000
00000000
00000000
00000000
00000000
00000000
00000000
00000000
00000000
00000000
00000000
00000000
00000000
00000000
00000000
00000000
