55466544
40000000
00000019
00000000
20003303
30320333
23344454
54453200
30230400
00332200
00030032
02003002
00000020
02030003
00000000
00022023
32332333
34303332
34334303
34333024
32420320
43044344
33222023
00200300
00003444
34002333
34024230
43253000
00020000
00200000
33333300
32320233
03333430
20222030
23204334
44333544
54454400
00002030
22200300
30032232
22000000
00332334
23402200
20020000
0000000C
20023300
00203033
30443444
32300330
04300000
00000300
44400340
20220330
20300444
33223000
40303030
33200032
40033033
33220302
02320303
44444400
23320234
23330044
44454332
02024402
22234023
03042234
40034444
55444230
20000030
20444003
30000330
04023020
00320030
00443544
45533000
00002443
22330200
03223300
03232003
00344443
02344300
00000233
23004443
30032322
32040000
00000072
02343443
33330004
34023023
32330032
30443304
44022330
34344402
02333443
30444444
54450304
34203023
23230242
30322323
33332000
33043232
34000033
20004402
02202202
03444403
23343323
30000002
20022332
22203003
00443330
03234302
00003433
23300433
02000002
20040303
00330204
32432333
32222324
30302530
34003003
44433302
33202033
44444343
03402322
32334444
33344454
44430000
0000004F
33444330
00000400
00444432
20044030
34330320
44042422
20323222
22043330
04304300
40403320
03334440
34543300
44043043
32003030
00344403
03443343
34242202
04203002
33242423
33030020
03233300
44000340
03303223
00020423
44002233
30234302
34022044
43304040
04023000
32234244
02333344
20024200
24333203
23400240
40303433
43444444
03443333
34032000
03243350
33330303
04430000
FFFFFFEF
23003003
24454420
33344444
44333000
00000243
00420302
32004344
30045554
00333434
03433000
00335450
04332332
00034050
34043004
42203002
03023230
43342433
43533203
02330003
34550320
03000332
44352030
04034444
03453030
00000034
03423322
34220223
22222303
32340343
33444343
03444430
33025450
02300000
33040500
03224323
34330324
42002333
43200200
32440025
33002320
03320000
FFFFFFF3
00000000
00000000
00000000
00000000
00000000
00000000
00000000
00000000
00000000
00000000
00000000
00000000
00000000
00000000
00000000
00000000
00000000
00000000
00000000
00000000
00000000
00000000
00000000
00000000
00000000
00000000
00000000
00000000
00000000
00000000
00000000
00000000
00000000
00000000
00000000
00000000
00000000
00000000
00000000
00000000
00000000
00000000
00000000
