44534533
40000000
FFFFFFDE
20000202
03242002
02020220
20303433
00330320
30203003
00200222
33323303
02420400
43033200
33302020
32222302
23044323
32043343
03002044
24433433
34032432
33223002
30403020
00330422
02222000
22204320
00304322
02020300
03303230
02003020
22000000
23333244
33000222
02344003
00303000
20030432
00302000
23000033
00324332
02032443
03334333
33223304
00020040
00320230
03000000
FFFFFF72
03033343
30300300
33443440
00030433
04400040
33000000
00020000
44032304
33443332
02432333
03030340
03003200
03334354
33400343
23320003
02030303
43004003
23334240
34404303
03000002
30020302
20020304
30334404
33332222
00030030
33002003
03320002
00023033
02343332
20330044
34330000
30302353
04334204
43433332
34043322
33342020
03430420
03302022
03304433
00042443
33220000
FFFFFFF1
23222020
03043330
32203302
43223322
34333330
33333002
54254303
44334440
03023000
32000430
33002003
42332540
44000034
43333023
00330033
02203333
00202023
04304422
44443333
20323430
23444422
02002034
32030032
03033304
30430423
03333043
30222320
00032200
03330000
22344023
20040030
30300034
43402433
42340532
23033202
22320233
40232300
03403433
43243232
00323233
20040000
FFFFFFD6
24440244
44445430
33300440
33043300
02223303
33033032
43330230
00303434
40250033
30022034
02230004
23233332
00303234
43403303
23034034
30045320
44502033
03344303
44443334
24224330
43434444
04334543
44302002
03243434
03004002
23440344
20343300
03334423
03304234
33430004
00443433
30234430
43002333
44034323
33040433
00200240
33300000
42033030
00230003
20444233
43240000
FFFFFFF4
34300002
34403202
03343330
43042233
34304432
42200430
20003330
30233044
43233334
03203200
32002222
44433402
53322002
30452223
43433022
33244323
32043034
20323433
30404023
32242442
43343233
44304324
32303034
30432003
32402000
34322240
33434435
00434342
23233330
40003224
23424503
43324340
04430433
33243333
22323303
02202243
33340332
03032243
40004223
02023440
30000000
FFFFFFF7
00000000
00000000
00000000
00000000
00000000
00000000
00000000
00000000
00000000
00000000
00000000
00000000
00000000
00000000
00000000
00000000
00000000
00000000
00000000
00000000
00000000
00000000
00000000
00000000
00000000
00000000
00000000
00000000
00000000
00000000
00000000
00000000
00000000
00000000
00000000
00000000
00000000
00000000
00000000
00000000
00000000
00000000
00000000
