56266033
72646567
65344556
45345674
46340000
0000006D
63522344
56536653
44453405
05524544
42540000
00000011
74663656
63547663
62667465
65606652
03360000
00000015
24644366
66634555
64466453
57646567
44460000
00000038
55466635
45236064
64235447
67664665
64050000
00000036
25655555
64736407
40454555
55665706
75540000
00000020
01044442
02143332
04233144
23432104
44400000
FFFFFFFA
64342445
46443654
53454536
45554740
75550000
0000004F
56565565
55526744
64753466
57334535
65660000
FFFFFFC4
06654536
53630555
55325464
55662754
46360000
0000003F
64655575
66534457
43555266
34466556
65570000
FFFFFFA0
44032334
34343334
43424234
12423443
33210000
FFFFFFF7
60545556
34257406
65566575
46553766
66600000
0000002A
42444243
43214444
10143344
45344324
34400000
00000000
32153554
24444555
45444335
45455244
54330000
00000025
56355463
55513605
51435355
56344651
34400000
00000000
44431421
40024233
42452514
33442434
53140000
FFFFFFFF
07556435
55433637
54550044
54536466
62640000
0000001F
64747555
66436755
50676456
50536545
35330000
FFFFFF9C
67335664
02645505
34767276
64653655
65560000
00000036
34444243
45554500
04420000
FFFFFFD4
64534646
65316444
34560000
FFFFFFFE
35644647
77425466
14340000
FFFFFFD3
44542355
45153545
44430000
FFFFFFD6
34655446
46646356
25060000
0000005A
54667436
64534460
46440000
0000003B
63546623
45544432
34740000
FFFFFFAB
46466545
55736355
43570000
FFFFFFC2
30544645
55443145
54460000
FFFFFF8C
24500455
56543446
53450000
FFFFFFE6
65655644
53405445
46430000
00000031
65465325
54655355
45550000
00000033
30404454
53425415
04350000
FFFFFFF6
54656553
05654354
43570000
0000003D
73633556
73644434
56400000
00000028
46503736
64653520
FFFFFFD6
46747657
76464650
FFFFFFD4
25335525
44553470
00000034
43555658
63344550
FFFFFFE5
56547545
53654630
FFFFFFC6
34645575
73624430
FFFFFF93
36754447
74660500
0000004A
54656667
62374650
0000001A
54556547
63744650
0000007F
47546466
74464550
00000033
00000000
00000000
00000000
00000000
00000000
00000000
00000000
00000000
00000000
00000000
00000000
00000000
00000000
00000000
00000000
00000000
00000000
00000000
00000000
00000000
00000000
00000000
00000000
00000000
00000000
00000000
00000000
00000000
00000000
00000000
00000000
00000000
00000000
00000000
00000000
00000000
00000000
00000000
00000000
00000000
00000000
00000000
00000000
00000000
00000000
00000000
