05476645
30000000
0000002B
34330302
00030030
03422020
00403220
02342030
02342432
33234300
30220034
35445242
00002002
04435054
25023004
33400000
20024044
44440423
33033330
40320323
02000220
30432233
04424253
44323303
32323432
40300220
00002002
02023340
34404432
22002020
02200000
33344353
45000000
FFFFFFFA
40323033
43422234
22334443
32332356
53232234
44203030
44303430
44552033
30555322
34353320
30334343
20443234
43342334
43332435
04300403
32334344
34443042
20000322
02054234
30224444
00340555
44442403
40203333
33020052
05244433
34552323
23444224
43034400
30224550
23000000
00000040
33333244
30304403
00302402
43330244
30223234
43443234
43002430
30020025
42433334
33442243
43340344
33303234
20032400
23342432
03344442
32324443
43444433
44023343
33333033
40032022
33422343
40244344
40022034
30320432
03243033
04403304
44030332
23203202
33440332
22000000
FFFFFFD9
53442423
03023332
23033320
03304403
44404303
20422455
43533344
40044445
52230022
34304332
40030445
23454523
40240433
54230330
30324424
24404404
22220235
52404434
30340433
44222020
00000333
33043003
04330024
23023034
23243443
03040040
32040302
53353443
04400032
20000000
0000000C
00302322
33442330
33023224
22000333
30052442
34030533
43330055
56535452
44024030
44443333
34452065
25554334
23330534
44435543
30235330
43433332
42433043
53442433
22443400
44203342
03435330
44432032
30030230
33040030
33430054
43544202
34203333
45434324
02340204
44000000
00000004
00000000
00000000
00000000
00000000
00000000
00000000
00000000
00000000
00000000
00000000
00000000
00000000
00000000
00000000
00000000
00000000
00000000
00000000
00000000
00000000
00000000
00000000
00000000
00000000
00000000
00000000
00000000
00000000
00000000
00000000
00000000
00000000
00000000
00000000
00000000
00000000
00000000
00000000
00000000
00000000
00000000
00000000
00000000
00000000
00000000
00000000
00000000
00000000
00000000
00000000
00000000
00000000
00000000
00000000
00000000
00000000
00000000
00000000
00000000
00000000
00000000
00000000
00000000
00000000
00000000
00000000
00000000
00000000
00000000
00000000
00000000
00000000
00000000
00000000
00000000
00000000
00000000
00000000
00000000
00000000
00000000
00000000
00000000
00000000
00000000
00000000
00000000
00000000
00000000
00000000
00000000
00000000
00000000
00000000
00000000
00000000
00000000
00000000
