40250333
30000000
FFFFFFC6
33332302
33202000
00430323
33343023
23334030
34044400
34334344
34200024
52230323
23033200
04404022
33024334
42302230
20232004
33243333
32223343
43320000
00234344
33000002
05003033
34442543
02234023
30030233
44344342
00233333
02202022
43442322
43022333
32334400
00000000
FFFFFFFC
00330433
02000030
34203334
04303004
33233220
04030204
34403424
02303403
34433024
22225434
04424333
22000034
34330032
30344335
42503340
24032003
40334443
42043303
44430444
30432432
33434200
34332420
03334334
23333040
04300424
50552334
24034423
42343000
42323033
20000000
FFFFFFF0
34343233
40330434
43442543
42244044
32303300
03023440
42042433
43433300
43043044
23023323
33033234
30334223
00440404
20245534
44034404
42020234
02434343
43043232
04040222
00200302
43403233
34354555
40233203
32443042
33343404
30342402
20300303
30334423
34343340
33000000
00000010
32342433
32444542
34333303
44345532
54244334
44423303
40004330
32333323
53430030
54333404
40252220
03533000
54243045
44440440
32330502
20223234
20202324
23300424
45553443
32300400
20444444
33334432
44203434
34433020
23034234
03422433
04224442
33030000
04400233
04000000
00000028
20033442
20432232
22345540
43033033
02235320
45300002
30230445
03220000
55543430
34002034
20220033
03404004
23340023
03203432
43043434
24323355
20433400
44230243
44333230
00020203
30203403
42424003
00322330
40022400
05542432
03333002
42422403
34424034
04520034
32000000
0000003A
00000000
00000000
00000000
00000000
00000000
00000000
00000000
00000000
00000000
00000000
00000000
00000000
00000000
00000000
00000000
00000000
00000000
00000000
00000000
00000000
00000000
00000000
00000000
00000000
00000000
00000000
00000000
00000000
00000000
00000000
00000000
00000000
00000000
00000000
00000000
00000000
00000000
00000000
00000000
00000000
00000000
00000000
00000000
00000000
00000000
00000000
00000000
00000000
00000000
00000000
00000000
00000000
00000000
00000000
00000000
00000000
00000000
00000000
00000000
00000000
00000000
00000000
00000000
00000000
00000000
00000000
00000000
00000000
00000000
00000000
00000000
00000000
00000000
00000000
00000000
00000000
00000000
00000000
00000000
00000000
00000000
00000000
00000000
00000000
00000000
00000000
00000000
00000000
00000000
00000000
00000000
00000000
00000000
00000000
00000000
00000000
00000000
00000000
