05
80
00
7C
C0
24
84
BD
D1
6F
A1
26
82
5A
52
E4
A2
49
7D
B3
BE
24
B6
B6
D2
69
10
9B
FF
36
00
2D
80
00
25
82
C3
70
DE
B1
FE
36
0B
03
A0
01
23
FB
FE
20
16
03
0D
80
81
20
70
06
82
92
03
00
97
C0
00
A4
F4
46
D9
00
39
9C
00
3B
1B
97
C7
FF
00
78
21
91
79
FC
59
3F
5F
00
39
E8
1E
30
9F
B0
80
00
3E
C0
B4
E0
10
04
83
80
C0
10
00
00
84
4D
A0
0A
40
B4
DE
7E
38
42
4E
C7
6C
79
26
DB
1E
00
00
9E
74
1C
8F
4F
4F
FC
59
0B
24
80
3F
5D
94
00
92
41
FE
FA
21
0F
F9
01
D8
1C
69
C0
F4
79
00
00
00
00
00
00
00
00
00
00
00
00
00
00
00
00
00
00
00
00
00
00
00
00
00
00
00
00
00
00
00
00
00
00
00
00
00
00
00
00
00
00
00
00
00
00
00
00
00
00
00
00
00
00
00
00
00
00
00
00
00
00
00
00
00
00
00
00
00
00
00
00
00
00
00
00
00
00
00
00
00
00
00
00
00
00
00
00
00
00
00
00
00
00
00
00
00
00
00
00
