46526745
00000000
FFFFFFF9
42430344
32303020
03033232
03434433
33333304
32040330
03402003
23230224
33232420
03020000
04565045
66423020
30202000
30232422
20002020
02002222
22023002
32032404
22233202
25655456
65320340
22032220
02222003
30003203
00232003
32323023
20000200
20022003
05433444
43000000
00000019
43334323
33244333
25542550
05303032
34230334
23222020
53040020
23400444
30344242
32220220
04303404
34000003
30324343
42523202
00342403
40323002
22034203
02342342
20043352
04303430
43320323
33455434
43024333
42033003
32340420
00223334
54254302
42455345
33435250
53000000
0000003A
24422004
42454542
02033000
43334323
30230244
33345434
32223020
32003334
33223430
00444302
32204333
22553020
44323323
04453030
02303223
03344443
33243033
30303200
00222043
24434303
33033302
32330204
30043003
34324453
52354203
40323330
30223342
02032234
43232444
00000000
0000000F
34423244
20230223
04420323
32243330
30343534
04533322
44035333
33043343
34435342
52433244
04240002
44322445
32342234
33422403
53443233
33432054
03304000
24033003
04430434
45046243
33430003
32502234
32004033
00204332
23344344
22243243
34304334
40444533
43344330
45000000
FFFFFFD5
22540453
42453330
05424340
05542223
22430344
40242032
54032033
20442343
42433423
33033404
40304434
40442050
24352434
32350433
23402220
24034502
00324030
44305442
40330044
25466552
30043333
03540303
00244404
00404024
32035423
02320332
03423220
34030352
04440442
40000000
00000006
00000000
00000000
00000000
00000000
00000000
00000000
00000000
00000000
00000000
00000000
00000000
00000000
00000000
00000000
00000000
00000000
00000000
00000000
00000000
00000000
00000000
00000000
00000000
00000000
00000000
00000000
00000000
00000000
00000000
00000000
00000000
00000000
00000000
00000000
00000000
00000000
00000000
00000000
00000000
00000000
00000000
00000000
00000000
00000000
00000000
00000000
00000000
00000000
00000000
00000000
00000000
00000000
00000000
00000000
00000000
00000000
00000000
00000000
00000000
00000000
00000000
00000000
00000000
00000000
00000000
00000000
00000000
00000000
00000000
00000000
00000000
00000000
00000000
00000000
00000000
00000000
00000000
00000000
00000000
00000000
00000000
00000000
00000000
00000000
00000000
00000000
00000000
00000000
00000000
00000000
00000000
00000000
00000000
00000000
00000000
00000000
00000000
00000000
