34453054
00000000
FFFFFFC3
22333302
40200200
00023340
00432330
30030030
30303420
34242300
33033033
04243333
00300300
23230303
24343003
30333023
00304032
30233434
20300320
23420433
34234222
32320200
23323420
20334304
30332340
43040022
02303033
03332334
30330220
23003303
24233223
22030203
22000000
000000A0
22000002
24505445
05540553
43330202
42333022
23330430
22002002
20032043
30420332
30002403
40343003
33004004
02024035
40330242
03000542
52344203
24033344
32434344
42445335
43302300
23223024
20330333
04200033
34345334
54353303
00040343
02023303
44042435
34334433
03000000
0000000E
44402043
33233232
22430332
04333234
42022330
24400500
42202344
43000204
04304204
30242344
20030004
02330542
40044543
33430420
33033400
54004233
24300322
20003324
44504042
33234405
24024043
24232323
03443233
22403423
33203402
32042034
44244434
44434322
02432032
24000000
0000007B
22324403
03033033
03242243
43033043
04343052
22353440
42033023
30323034
22444023
45340234
33443004
02304524
35533434
43344534
32402454
33442324
40422432
25344443
55544330
40434430
43200044
22033320
30244424
22203333
44244434
22004554
02300202
23332224
20303552
34000000
FFFFFFF6
03222233
33322434
23202400
32022204
02404340
43342224
32324403
40300244
34433433
00022030
32440423
20334344
04332043
34400343
45344033
23042444
00400230
04004343
32304424
03343233
22204332
42420034
03432404
03433334
00332433
44353340
30003404
03030030
03504550
25000000
FFFFFFFA
00000000
00000000
00000000
00000000
00000000
00000000
00000000
00000000
00000000
00000000
00000000
00000000
00000000
00000000
00000000
00000000
00000000
00000000
00000000
00000000
00000000
00000000
00000000
00000000
00000000
00000000
00000000
00000000
00000000
00000000
00000000
00000000
00000000
00000000
00000000
00000000
00000000
00000000
00000000
00000000
00000000
00000000
00000000
00000000
00000000
00000000
00000000
00000000
00000000
00000000
00000000
00000000
00000000
00000000
00000000
00000000
00000000
00000000
00000000
00000000
00000000
00000000
00000000
00000000
00000000
00000000
00000000
00000000
00000000
00000000
00000000
00000000
00000000
00000000
00000000
00000000
00000000
00000000
00000000
00000000
00000000
00000000
00000000
00000000
00000000
00000000
00000000
00000000
00000000
00000000
00000000
00000000
00000000
00000000
00000000
00000000
00000000
00000000
