9A
00
00
04
A4
00
DA
40
2F
12
01
D0
92
34
A9
68
0D
A2
15
A4
30
DA
7A
42
DF
6E
04
B0
20
07
82
62
C0
00
0D
B6
E4
F4
8A
04
98
80
00
08
10
24
91
33
46
68
D2
9B
9D
0F
F2
03
74
C0
03
C0
B9
6D
C8
C0
00
24
F2
48
F9
28
07
06
FF
89
63
61
04
D4
01
37
FC
00
3F
5D
F6
76
23
6A
C0
98
6E
5F
64
13
C0
00
26
40
B6
CB
6D
F6
82
C9
34
24
A0
F1
00
B0
2F
67
70
B1
60
70
3C
36
48
87
10
6F
D9
03
30
00
00
0A
89
B6
3B
49
06
C7
D1
2B
FD
E0
40
79
F3
7B
03
4C
B4
12
24
3A
2D
90
40
6A
1A
00
FF
F6
00
00
00
00
00
00
00
00
00
00
00
00
00
00
00
00
00
00
00
00
00
00
00
00
00
00
00
00
00
00
00
00
00
00
00
00
00
00
00
00
00
00
00
00
00
00
00
00
00
00
00
00
00
00
00
00
00
00
00
00
00
00
00
00
00
00
00
00
00
00
00
00
00
00
00
00
00
00
00
00
00
00
00
00
00
00
00
00
00
00
00
00
00
00
00
00
00
00
00
00
