50440422
30000000
FFFFFFE2
42022032
43020000
20503343
34230233
30025233
40344343
44300033
04330234
43442303
20022002
05556635
23333032
32203320
23224230
44344230
30042040
00202330
43303333
23202232
24666655
44200302
02303202
02223032
02000220
20020020
33242430
02033022
32320203
05502332
33000000
00000025
23332023
33303440
32200422
32220003
20235554
33304330
40424420
04004422
04234030
33434032
00003000
33020203
22330000
42033233
33234554
33023332
02023333
33444544
24333024
24445444
32203243
00333400
04422202
33033444
22034432
23024300
02444224
00000230
22200333
03000000
0000000F
42244045
44323003
00433220
30343334
05433324
32303002
32022222
40033233
00232000
20222445
53432342
33042442
32023303
22243024
02230243
20330423
30340043
02343344
00343302
33204223
03330230
20022422
20333334
44332332
02023353
23240332
22333000
24200434
42324200
23000000
FFFFFFE7
33322320
00334334
02343433
43332330
43342424
53443024
44323234
30223232
03244244
52000340
34422423
30034004
03222344
05534302
20334504
55424003
35533233
34440434
24344322
40300030
23420342
44040043
24233034
02203344
34202354
44303420
20302203
23233423
44342233
03000000
FFFFFFE7
40440440
34324434
23553003
00334300
23334433
40032044
03003232
30533243
02200402
50030333
40233440
34454444
32432344
24420203
20044342
34422343
22222322
23030334
42334322
23340023
03403200
44043033
30403003
03203234
45444443
04544443
44044440
44040333
30002223
04000000
00000038
00000000
00000000
00000000
00000000
00000000
00000000
00000000
00000000
00000000
00000000
00000000
00000000
00000000
00000000
00000000
00000000
00000000
00000000
00000000
00000000
00000000
00000000
00000000
00000000
00000000
00000000
00000000
00000000
00000000
00000000
00000000
00000000
00000000
00000000
00000000
00000000
00000000
00000000
00000000
00000000
00000000
00000000
00000000
00000000
00000000
00000000
00000000
00000000
00000000
00000000
00000000
00000000
00000000
00000000
00000000
00000000
00000000
00000000
00000000
00000000
00000000
00000000
00000000
00000000
00000000
00000000
00000000
00000000
00000000
00000000
00000000
00000000
00000000
00000000
00000000
00000000
00000000
00000000
00000000
00000000
00000000
00000000
00000000
00000000
00000000
00000000
00000000
00000000
00000000
00000000
00000000
00000000
00000000
00000000
00000000
00000000
00000000
00000000
