55466644
50000000
FFFFFFFD
03444332
02000000
00043443
34323202
23200423
34325340
24430333
04402222
42034243
02000000
04433303
43205220
32300030
23200024
32232002
32233200
00200220
43334204
02020220
34453500
04223443
24234320
30302432
33223043
20323023
24342030
02200220
00033002
03500352
24000000
FFFFFFFC
00333344
33043433
20430544
44045225
53330323
32020433
33303233
03030043
32344003
23224232
32032302
43033225
34403254
33332304
33232442
45403430
43544244
30553332
53245300
00232222
02042255
03522302
42220033
04324043
05044442
04433332
23232200
23235532
22204230
30000000
0000006E
53344324
03034233
44344430
33034353
00020330
20042244
35334302
34424435
34545434
43343223
34432433
23442332
00044523
43230240
23330323
32402434
23523033
20434443
40304302
23200002
33445444
24342430
33033300
03300332
34344344
04332352
35024440
23303232
00443544
34000000
FFFFFFFD
52250300
32320323
04354442
00432232
44040332
02030444
23433342
04303222
32432404
42332020
33322322
43444022
55344054
04534335
44443430
43333300
33305444
23044403
42303003
30203234
23023203
43030032
33323324
04342303
33232420
03344554
00334324
23340364
40330324
54000000
00000010
43434334
22240443
03443230
33302332
34420535
34402333
32300333
34345424
34503434
24240040
33430334
43332300
04004333
03324432
43435024
03443302
30020344
43320223
44202222
02322300
02544333
33434002
23404444
44022444
44444433
00020003
30302525
00230030
33304200
45000000
FFFFFFEB
00000000
00000000
00000000
00000000
00000000
00000000
00000000
00000000
00000000
00000000
00000000
00000000
00000000
00000000
00000000
00000000
00000000
00000000
00000000
00000000
00000000
00000000
00000000
00000000
00000000
00000000
00000000
00000000
00000000
00000000
00000000
00000000
00000000
00000000
00000000
00000000
00000000
00000000
00000000
00000000
00000000
00000000
00000000
00000000
00000000
00000000
00000000
00000000
00000000
00000000
00000000
00000000
00000000
00000000
00000000
00000000
00000000
00000000
00000000
00000000
00000000
00000000
00000000
00000000
00000000
00000000
00000000
00000000
00000000
00000000
00000000
00000000
00000000
00000000
00000000
00000000
00000000
00000000
00000000
00000000
00000000
00000000
00000000
00000000
00000000
00000000
00000000
00000000
00000000
00000000
00000000
00000000
00000000
00000000
00000000
00000000
00000000
00000000
