02466555
50000000
FFFFFFAF
33300404
40030230
02340342
34343233
43042344
33432430
43340432
00223004
25535544
32022000
24425544
54320222
00400200
02024444
44434243
03023043
34424402
33304420
23200420
43234404
43333233
34320230
22233333
02043020
00000003
24404300
00030003
00200300
04332434
44000000
00000024
00233340
23430243
42343302
24425440
24430202
44332230
43330234
52333443
43404245
30323303
40233023
00334443
44423340
44004322
42443033
42333335
33434542
02234022
44230043
00330430
02344244
25503424
04332303
30030454
30222444
43323440
43323344
33440333
23334223
02000000
FFFFFFFA
42435444
02020003
02232334
34443032
43000234
04303320
23432203
04300343
44443233
02230043
23022343
23024343
22202244
33402430
40004304
32234202
53432230
00443442
33244402
04330442
44330440
30303044
34333322
04320453
24323024
50333222
24444342
23425545
44442340
00000000
0000000D
34203424
43033202
33434242
42325404
03540020
32200030
33232202
33002004
43303324
40343044
35004334
24434434
40432440
24332440
34345020
23432430
02220240
33223524
42343042
23043322
24534004
44403444
40343044
33044322
22420324
33244240
04034230
33034445
53024342
23000000
FFFFFFE5
05533344
43232534
40432234
24536030
40434344
40030530
02343344
03403043
25430042
55402055
40320454
45353222
03230323
04334333
34033333
43545442
45342234
20333404
04403400
33432423
32445000
23405230
50505245
04203500
40453022
24534405
43003243
44254044
33434343
34000000
FFFFFFE7
00000000
00000000
00000000
00000000
00000000
00000000
00000000
00000000
00000000
00000000
00000000
00000000
00000000
00000000
00000000
00000000
00000000
00000000
00000000
00000000
00000000
00000000
00000000
00000000
00000000
00000000
00000000
00000000
00000000
00000000
00000000
00000000
00000000
00000000
00000000
00000000
00000000
00000000
00000000
00000000
00000000
00000000
00000000
00000000
00000000
00000000
00000000
00000000
00000000
00000000
00000000
00000000
00000000
00000000
00000000
00000000
00000000
00000000
00000000
00000000
00000000
00000000
00000000
00000000
00000000
00000000
00000000
00000000
00000000
00000000
00000000
00000000
00000000
00000000
00000000
00000000
00000000
00000000
00000000
00000000
00000000
00000000
00000000
00000000
00000000
00000000
00000000
00000000
00000000
00000000
00000000
00000000
00000000
00000000
00000000
00000000
00000000
00000000
