8C
00
00
56
EA
5B
36
29
D2
21
D3
42
40
58
92
A8
95
00
08
C9
50
35
A7
76
DC
01
00
39
79
80
10
2B
40
00
DD
CD
80
0B
44
22
02
80
00
E2
6C
C1
AC
81
34
81
4D
7E
93
6E
F4
9F
CF
D1
24
2D
D8
DB
32
00
00
E9
81
00
E0
07
F9
22
80
46
01
8D
02
EF
70
6E
0F
F2
00
1B
FD
99
F4
11
A1
21
BE
B6
0D
BF
00
00
9B
A3
56
F2
90
4F
C3
4D
37
7F
61
30
07
ED
F8
E3
60
09
10
12
F0
00
0B
03
63
BF
CF
92
72
00
00
E4
BE
1E
19
E7
BB
C9
BD
D9
9D
AF
9A
E5
F3
EE
D8
38
A7
93
80
1F
71
10
03
82
37
3E
15
77
80
00
00
00
00
00
00
00
00
00
00
00
00
00
00
00
00
00
00
00
00
00
00
00
00
00
00
00
00
00
00
00
00
00
00
00
00
00
00
00
00
00
00
00
00
00
00
00
00
00
00
00
00
00
00
00
00
00
00
00
00
00
00
00
00
00
00
00
00
00
00
00
00
00
00
00
00
00
00
00
00
00
00
00
00
00
00
00
00
00
00
00
00
00
00
00
00
00
00
00
