34364667
30000000
FFFFFFC2
03323222
33300330
00343445
40503003
32332434
42304422
34233030
00320224
33343253
20002002
05443544
05434202
22003322
32204404
05240002
30230333
02023034
30332000
02223330
45544645
55222322
34202000
03023330
00402002
23000022
30203202
02220000
20200220
33344330
42000000
00000000
32344422
40230430
24233523
52033032
33003324
44304330
22020300
40450342
40500523
42000323
32203433
44302342
32335443
52204454
44204442
42420402
02023224
42343403
23320303
40020300
43300300
24220230
30203240
02222244
45534434
54452330
00023020
23444330
44434344
03000000
00000009
30330423
32434443
44232334
34044304
23233445
44322002
04303350
32344424
54344032
43323244
20030000
24344444
43203232
00333304
64453320
03334343
00324223
20204040
20302032
02343333
34242230
30032303
50040004
32400002
42444340
33434433
54020033
03320203
04324032
32000000
00000021
34455554
32323022
23400402
24320333
04220002
20434354
34424333
33200023
23320052
33042044
40544544
30452454
24434445
44403444
33040344
33003230
30023320
33054000
03034304
44434443
20000020
32004244
00233430
43502003
32020245
23304423
34202220
33044354
33233530
02000000
FFFFFFFF
33203332
33404430
44432340
30042223
03343230
33002030
43350334
33203024
35243302
03320242
34300303
00334334
43323044
42332443
32332200
44203434
53320030
33040044
33245444
30023002
30443344
34454432
24040030
44330233
34023232
04340404
20320323
43432002
24553244
25000000
00000015
00000000
00000000
00000000
00000000
00000000
00000000
00000000
00000000
00000000
00000000
00000000
00000000
00000000
00000000
00000000
00000000
00000000
00000000
00000000
00000000
00000000
00000000
00000000
00000000
00000000
00000000
00000000
00000000
00000000
00000000
00000000
00000000
00000000
00000000
00000000
00000000
00000000
00000000
00000000
00000000
00000000
00000000
00000000
00000000
00000000
00000000
00000000
00000000
00000000
00000000
00000000
00000000
00000000
00000000
00000000
00000000
00000000
00000000
00000000
00000000
00000000
00000000
00000000
00000000
00000000
00000000
00000000
00000000
00000000
00000000
00000000
00000000
00000000
00000000
00000000
00000000
00000000
00000000
00000000
00000000
00000000
00000000
00000000
00000000
00000000
00000000
00000000
00000000
00000000
00000000
00000000
00000000
00000000
00000000
00000000
00000000
00000000
00000000
