44268735
40000000
00000036
44432200
30222222
22303444
23320032
04224442
34000033
44444344
43330202
20000040
32032032
00020002
20000443
33300222
23222330
33330200
30043244
43332024
44022332
44520043
30004420
20002003
23200222
02304443
33223443
33332244
34432230
00000332
44433420
24444332
22000000
FFFFFFFA
23403420
30304434
40004030
43423043
04543043
34033345
03300304
30444222
02240444
20345432
00024233
44000024
34420304
02324343
24003342
02232000
02445543
23433404
33302334
33230403
30303023
03003203
00320232
34223333
04543223
33020022
23234200
40232534
34333523
33000000
00000011
30232043
30004033
34240404
44400300
30322342
44234402
34444044
34244543
04324403
03300232
00232000
03424343
44503433
33442332
42303203
00333034
03420003
30324342
24345244
23202300
32300333
23220202
20303003
43230252
54334402
22433430
02443443
00332202
23335042
30000000
00000002
40023335
54400020
02300004
30204202
43332443
43355440
33033444
43040222
03020003
43033440
32004002
40032434
24430333
44422524
40424420
03444430
45530544
30243444
30304353
40330003
03303432
30444340
03224355
46452442
44333220
03444432
43344324
44303344
43300553
40000000
FFFFFFF2
24222333
44530550
33303332
20240444
24033423
00434540
43432543
44453434
44424323
40432420
36345452
43344234
00300444
02204323
22220234
00344322
03233232
02442440
42203334
40423322
33233430
23040323
30033433
34230353
40233230
03032243
42352343
44420230
03444433
43000000
FFFFFFCE
00000000
00000000
00000000
00000000
00000000
00000000
00000000
00000000
00000000
00000000
00000000
00000000
00000000
00000000
00000000
00000000
00000000
00000000
00000000
00000000
00000000
00000000
00000000
00000000
00000000
00000000
00000000
00000000
00000000
00000000
00000000
00000000
00000000
00000000
00000000
00000000
00000000
00000000
00000000
00000000
00000000
00000000
00000000
00000000
00000000
00000000
00000000
00000000
00000000
00000000
00000000
00000000
00000000
00000000
00000000
00000000
00000000
00000000
00000000
00000000
00000000
00000000
00000000
00000000
00000000
00000000
00000000
00000000
00000000
00000000
00000000
00000000
00000000
00000000
00000000
00000000
00000000
00000000
00000000
00000000
00000000
00000000
00000000
00000000
00000000
00000000
00000000
00000000
00000000
00000000
00000000
00000000
00000000
00000000
00000000
00000000
00000000
00000000
