54545554
50000000
FFFFFFD6
43344322
03303003
02000224
23240243
04333334
54444200
20243020
02000004
30253403
03203002
05455554
25304034
03302203
30222432
24203320
00030223
02430332
22330043
32333303
35545563
54023023
00230224
24320343
03302032
02202022
23322200
30022033
22000223
04453553
44000000
00000001
33203322
32023444
32002434
43300302
53004305
42330544
23352432
04333022
32423404
23303402
02002233
03002340
44003344
24520305
30430222
04333404
04234320
30304023
23322030
32333333
20230442
44034234
02300232
34034534
53454300
43052003
40333320
03203343
32025523
52000000
FFFFFFF5
42404034
53330030
22352032
34302330
22344324
34202234
42254500
04403333
33302554
02240354
24334544
30202300
02330234
30003322
33444544
44334442
34320343
30032000
42234423
33442442
24223235
43423322
43320204
44344302
44202320
00330442
43032334
03333034
44323433
03000000
FFFFFFDE
03324232
20544434
43353403
04430042
52202440
05030224
00304202
44234203
34245342
54420004
42504344
24034432
00202534
42344333
33334354
24300323
00403433
44004234
23022020
45254242
20030332
33403044
02440402
00330026
25034334
30344034
54440424
30043450
44404200
04000000
0000001A
35403032
03302222
44223203
23254040
44433343
33033043
30333402
02343434
20402330
03400303
30323325
43454444
33444304
43423204
43342204
32403333
33232200
40444542
23402334
42323302
23022234
43400320
42322343
04230034
32234332
23224443
33042420
43403345
20305204
53000000
FFFFFFC5
00000000
00000000
00000000
00000000
00000000
00000000
00000000
00000000
00000000
00000000
00000000
00000000
00000000
00000000
00000000
00000000
00000000
00000000
00000000
00000000
00000000
00000000
00000000
00000000
00000000
00000000
00000000
00000000
00000000
00000000
00000000
00000000
00000000
00000000
00000000
00000000
00000000
00000000
00000000
00000000
00000000
00000000
00000000
00000000
00000000
00000000
00000000
00000000
00000000
00000000
00000000
00000000
00000000
00000000
00000000
00000000
00000000
00000000
00000000
00000000
00000000
00000000
00000000
00000000
00000000
00000000
00000000
00000000
00000000
00000000
00000000
00000000
00000000
00000000
00000000
00000000
00000000
00000000
00000000
00000000
00000000
00000000
00000000
00000000
00000000
00000000
00000000
00000000
00000000
00000000
00000000
00000000
00000000
00000000
00000000
00000000
00000000
00000000
