55450565
30000000
0000000F
30222433
32200002
00032444
35403233
30202330
03044000
24345430
22000002
54405542
23020300
22504435
44030304
30400332
33003332
34344033
34004020
20030000
00344022
30020303
20434554
55220334
34324303
03340320
43344002
00023322
33020200
20303233
40320220
03503253
43000000
00000020
30023022
30024245
32444553
00403434
43443025
05323033
40423330
23244343
32443004
30033433
32322323
33445555
44403053
54030022
03332303
50530045
45553442
02524433
45424400
40030003
33200023
43002322
42323004
40042000
03320042
03344424
30422023
02253530
23035340
42000000
00000052
22403223
30204443
34030330
33040404
04235004
22000043
04404403
33034230
45404332
20030030
24323430
43345435
23342443
33335333
53044000
22243033
02300443
23333234
22340000
32333330
30432343
44334223
40032230
22033524
43020342
00204334
02000233
03433223
03400242
33000000
FFFFFFCE
43352234
40433023
34443224
32433234
42244033
30445300
43445532
34444445
44243422
42333340
44220020
43034332
44023423
33303000
03023324
33044300
33023333
20343434
03323234
43030440
34023033
23022433
30330334
43334353
34433300
42340402
54044003
34034404
40304403
30000000
0000002A
30233233
04433423
32233330
22333344
24303333
22303332
20033333
40004300
44444340
30030333
24302433
40444034
00423334
30025422
30334002
03304430
32223204
43232220
44344240
02223002
23300233
33403044
44043334
33303204
00200344
44235433
22433330
33434033
23433222
03000000
00000016
00000000
00000000
00000000
00000000
00000000
00000000
00000000
00000000
00000000
00000000
00000000
00000000
00000000
00000000
00000000
00000000
00000000
00000000
00000000
00000000
00000000
00000000
00000000
00000000
00000000
00000000
00000000
00000000
00000000
00000000
00000000
00000000
00000000
00000000
00000000
00000000
00000000
00000000
00000000
00000000
00000000
00000000
00000000
00000000
00000000
00000000
00000000
00000000
00000000
00000000
00000000
00000000
00000000
00000000
00000000
00000000
00000000
00000000
00000000
00000000
00000000
00000000
00000000
00000000
00000000
00000000
00000000
00000000
00000000
00000000
00000000
00000000
00000000
00000000
00000000
00000000
00000000
00000000
00000000
00000000
00000000
00000000
00000000
00000000
00000000
00000000
00000000
00000000
00000000
00000000
00000000
00000000
00000000
00000000
00000000
00000000
00000000
00000000
