54564223
30000000
FFFFFFE6
00030433
20300200
20004004
33432033
54242220
40334332
04034023
40230343
44240205
30030030
00433550
46303302
03302000
00204444
22244230
22022324
33332340
24333002
33022023
24443453
44233223
33343232
23242330
00203200
30220000
30232020
32000232
20300020
04200033
34000000
FFFFFFB9
03204304
50420554
44444334
23330230
32433330
42243342
43242002
20340030
40054033
20432032
03324430
33330330
23234503
00333423
32203340
05232202
33020224
20343433
30034304
03332432
44323022
42402445
02440300
32324432
43233242
33440343
40355204
05305533
33343242
32000000
00000052
00420320
33325324
52203230
55433044
44222050
34345342
22030330
24542433
30303304
03324443
02302402
23433203
44220342
34034223
25544444
45445334
44330433
32433344
43024334
22230340
33432440
32224423
04404024
34444540
24444223
44345553
33024445
04433405
44035523
44000000
00000011
22302342
32233343
30333342
43043434
43434402
34332440
20500320
33233443
44535445
44332323
34432004
33440302
44334343
23443442
43342243
33400354
04420004
33240344
23443024
54432004
45443400
03242240
03242030
20003323
24440440
43205444
45224543
45202033
04344204
33000000
FFFFFFF5
00003033
20404302
30320330
00322034
44053204
20450333
34040344
42023402
33303343
32333404
22324003
03420450
02432002
23430033
22443323
30242043
23023332
23330404
02240340
00200330
40322040
03244452
35422000
02030300
32303020
22434042
24444332
43243444
33330230
32000000
FFFFFFDB
00000000
00000000
00000000
00000000
00000000
00000000
00000000
00000000
00000000
00000000
00000000
00000000
00000000
00000000
00000000
00000000
00000000
00000000
00000000
00000000
00000000
00000000
00000000
00000000
00000000
00000000
00000000
00000000
00000000
00000000
00000000
00000000
00000000
00000000
00000000
00000000
00000000
00000000
00000000
00000000
00000000
00000000
00000000
00000000
00000000
00000000
00000000
00000000
00000000
00000000
00000000
00000000
00000000
00000000
00000000
00000000
00000000
00000000
00000000
00000000
00000000
00000000
00000000
00000000
00000000
00000000
00000000
00000000
00000000
00000000
00000000
00000000
00000000
00000000
00000000
00000000
00000000
00000000
00000000
00000000
00000000
00000000
00000000
00000000
00000000
00000000
00000000
00000000
00000000
00000000
00000000
00000000
00000000
00000000
00000000
00000000
00000000
00000000
