36534505
60000000
FFFFFFF4
03433440
32000200
00403404
43423232
33342402
32030435
52543433
30203023
33303444
20300220
22423430
42232030
22220200
23202243
34403404
03334304
40333034
40422323
22233302
34434533
30322430
32022220
03302002
00030003
22332023
32442442
02330230
00000000
00443323
24000000
00000023
42343204
44204333
35440324
05524000
43033432
20230304
33445533
32243343
20403042
43400044
42202344
44043023
20340024
42453042
34243220
30203044
44030440
03323034
33034304
32002330
20003003
40432004
33422244
44432432
40404530
20040240
32234022
33342020
42023344
54000000
0000001E
30233234
22334202
32043444
44033033
33334404
42233203
24242400
04004003
22443434
00223045
43040233
34434544
44343324
25444300
03323000
40234033
35245502
23344203
32433434
02022003
20444344
03034333
22004552
04344003
32203002
40033243
33323034
30424224
43230004
33000000
FFFFFFE5
00324520
33230450
33333424
44300445
25343022
23323403
40300424
30004430
32343032
03323332
33333333
30234044
43400442
02024324
42323430
53203320
33005404
22433303
34333230
23343320
30233400
43030230
33353454
42445354
02202302
04434333
34433433
43234032
03233544
43000000
FFFFFFF8
20044222
34440303
05422333
43424323
24332333
03343343
54323400
03023043
00223024
03354220
22224233
23444244
04032322
42030305
55042045
32440330
44204432
44422330
42442030
00232234
20344434
43443203
02434303
24023454
33043323
44324004
42440343
54420344
33333003
23000000
00000012
00000000
00000000
00000000
00000000
00000000
00000000
00000000
00000000
00000000
00000000
00000000
00000000
00000000
00000000
00000000
00000000
00000000
00000000
00000000
00000000
00000000
00000000
00000000
00000000
00000000
00000000
00000000
00000000
00000000
00000000
00000000
00000000
00000000
00000000
00000000
00000000
00000000
00000000
00000000
00000000
00000000
00000000
00000000
00000000
00000000
00000000
00000000
00000000
00000000
00000000
00000000
00000000
00000000
00000000
00000000
00000000
00000000
00000000
00000000
00000000
00000000
00000000
00000000
00000000
00000000
00000000
00000000
00000000
00000000
00000000
00000000
00000000
00000000
00000000
00000000
00000000
00000000
00000000
00000000
00000000
00000000
00000000
00000000
00000000
00000000
00000000
00000000
00000000
00000000
00000000
00000000
00000000
00000000
00000000
00000000
00000000
00000000
00000000
