54446346
50000000
FFFFFFCE
20332334
00220220
00222332
04423344
44523333
04434020
03034000
23003200
20042223
02003003
02445555
54433233
02022302
30202330
20400020
22302030
20000200
42030302
30020300
34455655
44333234
00200002
22232003
32230030
23003220
20000222
02003020
00202200
24344344
54000000
00000020
30244544
35302330
30452040
32300230
32020234
04403330
32000424
43204323
40200323
33003304
42222334
22440232
33045345
32044034
00442433
03334033
00200024
22230003
03220232
23224403
43320320
22234355
24300330
33044334
44323023
43334003
45555332
44323334
35534534
24000000
00000097
34432223
34342020
03442024
00203002
32322333
04000552
44433332
04443044
43054424
32400003
24433232
30443254
23230300
03023202
02002323
33330342
04322442
20023030
53344340
44304433
34332333
22353332
23332222
33000550
33324444
42244433
42343334
34303443
04343430
34000000
0000000F
20302420
22222342
43024424
45443240
02033234
44033343
54242442
24303042
33432533
02000200
04404042
22444424
22333432
45543224
33302355
33503333
02030234
43442244
43300204
33040232
22300443
23332042
42034340
04333342
42232000
32032033
02243302
34304234
45442032
33000000
0000002A
20403333
34432403
20324230
43534334
04434424
30343422
42444432
20302044
34400003
46534350
44423003
22322434
43305523
43443402
44332032
23403232
44432434
44435225
55433503
30430424
23030440
34444443
33546344
02322042
23344440
43544444
24524232
62054004
34323230
33000000
0000000E
00000000
00000000
00000000
00000000
00000000
00000000
00000000
00000000
00000000
00000000
00000000
00000000
00000000
00000000
00000000
00000000
00000000
00000000
00000000
00000000
00000000
00000000
00000000
00000000
00000000
00000000
00000000
00000000
00000000
00000000
00000000
00000000
00000000
00000000
00000000
00000000
00000000
00000000
00000000
00000000
00000000
00000000
00000000
00000000
00000000
00000000
00000000
00000000
00000000
00000000
00000000
00000000
00000000
00000000
00000000
00000000
00000000
00000000
00000000
00000000
00000000
00000000
00000000
00000000
00000000
00000000
00000000
00000000
00000000
00000000
00000000
00000000
00000000
00000000
00000000
00000000
00000000
00000000
00000000
00000000
00000000
00000000
00000000
00000000
00000000
00000000
00000000
00000000
00000000
00000000
00000000
00000000
00000000
00000000
00000000
00000000
00000000
00000000
