05422552
35540320
52042234
20034323
23200020
23323330
02032343
24442303
22300440
25533443
33244234
20003343
40035334
44552030
42030033
03420340
44444330
43302030
22022232
00022030
23322443
00332002
22023340
44400232
03042023
04403343
32023203
32224202
00030342
02343322
03023204
03040203
00003334
44454334
03202332
43324330
33322444
45542555
22023222
30233302
22332202
00000230
24344434
54404443
22002322
33233443
20232003
02002220
30024234
04303222
22230452
44504443
00000038
30003202
43442000
54340330
20223300
02000442
34432022
34330333
03220230
03302002
33303330
32003000
33320203
34334443
33203222
43235665
56654564
20232430
04203222
34324443
45445555
03200442
23402233
03320442
23402023
24443344
24434243
33230444
24404442
22203444
34433023
00320033
30342333
20033220
03404333
32332223
02343334
03000330
23432344
32224333
34440023
00000302
32022434
22334322
44333200
34234330
34433554
02200000
22002330
24423220
00234343
00302333
33332230
00000003
33234424
44243323
32340444
33234224
02004332
23222333
45545665
46640553
20322300
03203022
30323323
04400442
33032033
02332444
02022032
03423002
44442452
04403323
20333344
44543443
23343344
00220330
30233030
32333344
23033322
22224444
43222320
20300222
22002230
00202333
03303322
40200222
45544543
32032000
20222234
23433033
23400443
25543454
24400443
20332032
03304232
22303433
44323002
43340330
00005665
55540003
20022000
00020030
22332004
33333552
43243443
34330322
FFFFFFF2
03330020
30023223
22032230
20320220
32302000
02000203
02233344
03323020
00233330
30023202
32232230
33333332
20022033
03430022
30233330
03230202
42000220
23200230
32032002
00000340
45545666
45550020
00022333
24430232
23334004
43343333
32332340
33320000
33330233
03322022
34302443
34303302
04420200
32320440
00020454
34440333
23303322
03303230
44304543
44434002
23200202
24322002
00420034
02330203
43340230
24400442
00020330
03402030
44340003
03303442
40033554
34540433
0000000E
22333403
02030300
32000330
02423340
55545665
56650002
22303432
33232322
03203554
46644554
20000000
00002330
30000440
02322232
00202340
04302332
42042002
03320442
00020203
32324443
00203233
00003223
33434354
33433332
23300202
23422030
22020332
24532343
23402433
44403220
03340330
03323000
42333340
33335343
20033343
03430003
02302023
20332203
04323432
23332322
40033002
03404434
03434442
34332003
33032332
03032333
30004434
44340202
43244203
43334244
23340442
03230202
00000035
23342234
23433020
02003440
03203343
00020022
00003320
02332203
03230220
00003000
04420223
40044034
44440332
25442554
24443302
30224324
33343023
00223553
05532432
32230003
33003333
23330320
02020332
20022042
43433344
24322000
00232322
02200442
04433222
20340342
20300030
34003334
23300020
43444444
03324332
00230333
33334033
23300202
24320200
44444443
44320233
22320330
03332203
22303233
20342334
40043032
22432334
45546665
56550442
42343203
34403553
33343322
22033333
FFFFFFF7
30233333
33430442
30223443
43403442
23420332
23300022
24222303
22202000
33220340
24424343
43243323
43342323
30330230
33202230
33322233
02302200
32333440
44424443
20003442
23420343
22002200
02204434
22000340
03320233
04423444
44443443
23232330
03323202
33333203
30204300
46405642
56330045
00222320
24435434
00243565
25650043
24400330
32302022
34333423
02002033
20222032
22204204
43435424
44222442
23232044
32302203
33332340
24330200
24234330
33343442
00030453
25643342
FFFFFFEA
33330332
32340202
54453665
24543234
22333343
30223430
02200330
04422440
02000440
05534544
22024444
55654454
44433434
23344343
00233443
33330000
40020553
35523542
30003322
43233330
33220232
32304234
55545565
55543033
44342443
34433023
23003220
43303033
22300000
00223002
34003400
42032223
00003223
32332333
02302342
00440003
34224003
30000002
34233004
43033003
30202332
03300002
42224300
33032330
32230230
02300030
24333553
24400330
20033442
34322223
44340030
33445444
FFFFFFD4
32023004
33343232
42234002
43035422
34344434
23332330
00304443
34343444
00042233
04442443
40223204
32233302
23430320
03300444
50342333
23322440
42343343
44444444
23202233
24443334
03303444
34332002
34320330
34433320
24420232
30330442
30004454
45643443
00030332
33004443
22300303
40202345
22030200
02304333
00022030
03330034
24332242
33430343
25404552
43332444
35525554
56644324
03035433
54324423
30343333
32342330
22003002
30030002
34444334
23020220
23222552
24442443
0000000E
30054205
33242330
03433300
03232442
20003442
02300232
02002023
23330222
22334000
04420430
40043442
24323322
42324332
22322230
03003333
33342333
42230330
03200203
32043443
55555665
03200000
20000000
22004344
33430030
33243452
05534334
33230332
32003022
03334555
45550000
00002332
23000233
22033200
23303300
30320444
34440223
03430343
04433444
44443443
34430333
02002432
03003223
45432320
03333233
44344432
30023554
32223003
02020230
02234320
00032222
03044444
45543333
FFFFFFD0
00000000
00000000
00000000
00000000
00000000
00000000
00000000
00000000
00000000
00000000
00000000
00000000
00000000
00000000
00000000
00000000
00000000
00000000
00000000
00000000
00000000
00000000
00000000
00000000
00000000
00000000
00000000
00000000
00000000
00000000
00000000
00000000
00000000
00000000
00000000
00000000
00000000
00000000
00000000
00000000
00000000
00000000
00000000
00000000
00000000
00000000
00000000
00000000
00000000
00000000
00000000
00000000
00000000
00000000
00000000
00000000
00000000
00000000
00000000
00000000
00000000
00000000
00000000
00000000
00000000
00000000
00000000
00000000
00000000
00000000
00000000
00000000
00000000
00000000
00000000
00000000
00000000
00000000
00000000
00000000
00000000
00000000
00000000
00000000
00000000
00000000
00000000
00000000
00000000
00000000
00000000
00000000
00000000
00000000
00000000
00000000
00000000
00000000
00000000
00000000
00000000
00000000
00000000
00000000
00000000
00000000
00000000
00000000
00000000
00000000
00000000
00000000
00000000
00000000
00000000
00000000
00000000
00000000
00000000
00000000
00000000
00000000
00000000
00000000
00000000
00000000
00000000
00000000
00000000
00000000
00000000
00000000
00000000
00000000
00000000
00000000
00000000
00000000
00000000
00000000
00000000
00000000
00000000
00000000
00000000
00000000
00000000
00000000
00000000
00000000
00000000
00000000
00000000
00000000
00000000
00000000
00000000
00000000
00000000
00000000
00000000
00000000
00000000
00000000
00000000
00000000
00000000
00000000
00000000
00000000
00000000
00000000
00000000
00000000
00000000
00000000
00000000
00000000
00000000
00000000
00000000
00000000
00000000
00000000
00000000
00000000
00000000
00000000
00000000
00000000
00000000
00000000
00000000
00000000
00000000
00000000
00000000
00000000
00000000
00000000
00000000
00000000
00000000
00000000
00000000
00000000
00000000
00000000
00000000
00000000
00000000
00000000
00000000
00000000
00000000
00000000
00000000
00000000
00000000
00000000
00000000
00000000
00000000
00000000
00000000
00000000
00000000
00000000
00000000
00000000
00000000
00000000
00000000
00000000
00000000
00000000
00000000
00000000
00000000
00000000
00000000
00000000
00000000
00000000
00000000
00000000
00000000
00000000
00000000
00000000
00000000
00000000
00000000
00000000
00000000
00000000
00000000
00000000
00000000
00000000
00000000
00000000
00000000
00000000
00000000
00000000
00000000
00000000
00000000
00000000
00000000
00000000
00000000
00000000
00000000
00000000
00000000
00000000
00000000
00000000
00000000
00000000
00000000
00000000
00000000
00000000
00000000
00000000
00000000
00000000
00000000
00000000
00000000
00000000
00000000
00000000
00000000
00000000
00000000
00000000
00000000
00000000
00000000
00000000
00000000
00000000
00000000
00000000
00000000
00000000
00000000
00000000
00000000
00000000
00000000
00000000
00000000
00000000
00000000
00000000
00000000
00000000
00000000
00000000
00000000
00000000
00000000
00000000
00000000
00000000
00000000
00000000
00000000
00000000
00000000
00000000
00000000
00000000
00000000
00000000
00000000
00000000
00000000
00000000
00000000
00000000
00000000
00000000
00000000
00000000
00000000
00000000
00000000
00000000
00000000
00000000
00000000
00000000
00000000
00000000
00000000
00000000
00000000
00000000
00000000
00000000
00000000
00000000
00000000
00000000
00000000
00000000
00000000
00000000
00000000
00000000
00000000
00000000
00000000
00000000
00000000
00000000
00000000
00000000
00000000
00000000
00000000
00000000
00000000
00000000
00000000
00000000
00000000
00000000
00000000
00000000
00000000
00000000
00000000
00000000
00000000
00000000
00000000
00000000
00000000
00000000
00000000
00000000
00000000
00000000
00000000
00000000
00000000
00000000
00000000
00000000
00000000
00000000
00000000
00000000
00000000
00000000
00000000
00000000
00000000
00000000
00000000
00000000
00000000
00000000
00000000
00000000
00000000
00000000
00000000
00000000
00000000
00000000
00000000
00000000
00000000
00000000
00000000
00000000
00000000
00000000
00000000
00000000
00000000
00000000
00000000
00000000
00000000
00000000
00000000
00000000
00000000
00000000
00000000
00000000
00000000
00000000
00000000
00000000
00000000
00000000
00000000
00000000
00000000
00000000
00000000
00000000
00000000
00000000
00000000
00000000
00000000
00000000
00000000
00000000
00000000
00000000
00000000
00000000
00000000
00000000
00000000
00000000
00000000
00000000
00000000
00000000
00000000
00000000
