55430440
44350404
53534400
04430033
44543430
34300440
40005404
06303455
40000434
03330535
00540444
44566444
43504050
05503344
03433340
45505046
33033335
50304054
53030433
00034664
03343030
33404443
53445545
45444554
54454534
44434544
34555455
44353440
00504340
60450434
35543000
53343443
53004433
33355344
64450034
43304345
43443444
45034443
44350650
04554335
04430305
03334334
00435434
55430554
30033434
55050333
34030546
40360434
45553345
35430404
03034303
44535533
04540556
30004433
54333554
40343344
44405040
05544403
04444443
50435453
44353504
46445054
44544045
35053300
34040356
04004543
03400544
44045044
45400335
33003405
30350355
33030443
00000030
03035433
04440005
50335043
30553033
50543433
03003533
45054306
76000466
34004444
40004403
04040404
30356533
04304303
05443400
30034440
05043444
46604044
00340303
34043404
00345564
50005635
04564503
30554303
30444553
34535430
60454333
43030343
04000004
05003354
04057555
34444400
34354003
04043544
03344435
65400664
33434503
05303303
43400406
45456303
44665455
30000000
03040000
44445036
64334555
54304543
33000040
00003546
30463054
35430504
44504444
33545444
03540034
55443645
40300053
30403334
30433050
54035603
00463433
03430045
04400040
40455335
66503565
54305033
34000545
40344366
03056355
06450335
04444444
04400034
03560505
64330455
33004440
00000007
33030303
54430565
54356553
44600000
44444443
30004040
36454406
65044455
63000433
43330003
40434405
04505305
06604334
54504434
44344433
47340444
66554545
30500430
40400053
34330405
04466564
03664040
04503030
43440300
00455445
56500355
54004004
40340350
44044334
33065055
43345440
34354303
04403404
04540430
33440054
43405535
30404005
03045046
40455500
34655305
00503044
03435440
05643036
65350554
53000300
44530000
53004455
53465540
03450403
44530334
30034000
53504335
45354503
40433540
00400304
53440056
45336454
05334303
54403405
03043544
44445030
06644544
40344400
44034303
50434064
00056645
33054533
44004430
43340404
45444303
50533530
05033405
0000005A
30430433
30443334
63444540
34545004
53533304
40444403
35540336
76400055
50004030
00554003
03334455
03067340
05543503
45543005
35454504
05540346
76644454
04443000
00033400
34340643
50056654
03454630
45440304
45303403
34535443
56535440
44304443
04430300
55003067
53445645
43345300
45034033
03304033
33644503
65403445
05033544
04334303
55440366
50056534
03365334
44443005
03335443
44665005
64444545
60330034
44403004
40444467
44454455
35454335
44330344
43305333
45674433
64533405
43300044
34353403
45500056
65035645
30534404
05454304
54043054
05555404
55634463
53030030
03003034
30343367
33355644
44355040
05433500
04044533
30435536
54430065
54044555
0000008A
33053545
03040556
64045450
35760450
35540435
40003040
44544030
46453066
64433404
33344034
04550403
54356344
33336400
64440335
43534404
35334006
55304556
54333440
00445035
03343664
03340663
44663333
35450030
00000040
33434305
55330554
00003430
33044400
34303063
04054755
34560304
56343043
44434530
33534430
65000045
04006550
30005430
44343366
50454544
35565405
46404335
04455544
43304453
56344406
54434530
50540504
44004056
44350440
05430335
43500344
40334543
05633045
47543455
50034654
33454004
55504047
64445504
04664040
44530435
54550454
00060455
66304066
50430450
00400003
03440066
55346565
55645433
04030350
03304540
33463433
06530556
54453444
FFFFFFC6
45305545
44454365
50546500
50643030
53540443
03435444
45500005
56500355
50030040
00343343
34033555
40576544
65503040
45500003
00434550
36050546
73533444
04305403
04434435
33545634
30355504
44663400
05553003
40433344
43500403
44633405
53445453
00640333
04300465
40005455
30045400
05453000
44004403
33350540
66303464
43304500
40300303
44444453
50456404
43455044
34433004
34035440
45045400
65440455
30303404
04430443
45443456
44056040
46340450
55500453
30330400
04305444
55434405
53403453
03043343
45400363
54344754
34654403
43004433
40356504
33055443
44604456
54444550
34030033
03350355
04036555
45454445
45404445
33003043
33455000
44430055
00004403
0000007D
34454304
55003304
00000303
33434330
30403000
03305044
03043000
55044356
53540454
53343340
34344344
34303405
33545044
54544004
04034530
00055505
54503455
44435543
30530404
43303445
34335405
44564454
04433300
30003444
44505344
45454340
34453304
00043300
33304043
40000344
05440443
40003445
40434450
04353033
50440544
35305434
03303033
44540444
00445354
45003444
54400003
00005403
03045505
44400454
45300453
43004334
40000455
40300443
54535034
04534444
40300033
00454443
45350433
30500043
33444334
55544046
40434404
45544440
00044303
33330034
04540503
45654335
53004404
00340040
43354446
44035045
35455400
53043030
30003030
34403400
03030443
00040300
FFFFFFE8
03344044
44344456
54560044
35030054
05343300
00003005
45333045
57540364
40430400
00403335
40344555
55555455
45500340
55533545
05005454
40445030
46550445
50343030
43005003
53454540
54343655
44655343
05434344
44440303
43453330
35540536
44544044
34553044
44405555
54435554
04505430
40353440
34340303
44355445
65443555
43405440
03303345
45340555
04455763
43555355
50534334
40455504
00344403
67333060
45000534
40400034
44330366
04360553
44005004
34600450
04434000
43543035
66003546
50444544
33544300
45303056
45435654
04054443
53004300
44454655
00465406
57400556
64304350
33030403
40434066
40044505
00455445
04343444
44033445
34034030
03450356
54054454
0000003A
33433533
33030056
55504333
44445404
45554455
34300404
45034345
46033447
60030353
34054330
40035445
54406055
05543403
55053344
30405544
44444443
65030505
33000330
54003030
44403400
33506334
34535503
35534444
43403030
30544443
66043544
05544404
40443004
43300555
54346534
34545303
44043434
54303000
30553300
00454543
54334330
34000304
35404665
30455634
34663444
54404030
44303430
34440334
04540355
55000354
04004353
45404465
45453666
03336334
34345054
03404330
43543435
66353556
55034044
30444433
35340357
00335545
03660404
05303333
30344653
55563445
46533466
54544404
40400000
44434466
60005400
04434500
05303355
03303444
44355403
66330453
40034444
0000003D
40304300
40344300
50005444
34633440
45450044
03030344
44345405
54453350
53040003
00033030
53033354
44043004
04556004
50400003
34435443
54554553
55644045
50043500
30003444
00400500
40334345
03560040
40003434
30404304
04054403
55403403
03303344
03304040
43300054
44055653
33505403
30404005
03333043
30305300
43553454
40303404
43440343
30330565
34434055
00003455
40330044
00044433
44556344
44540553
33430043
53433030
35340434
33466663
43550344
30034340
40044500
04564435
55550305
50003340
00333030
30440355
63306556
34654444
04353035
40344400
00545546
56645040
40344054
44033030
30504356
34045465
00403503
04043340
34044440
30005035
63543354
40033334
00000002
44400444
04030055
55055554
45634400
44500030
43430344
44545400
54503054
54000054
33304403
33534450
53356545
35555300
30030333
44033354
35405436
55504566
50035500
30043440
33430444
54036534
04643403
05400034
33300303
33544330
66034053
40040043
03500030
04005555
43444655
34544500
43300004
44330543
35560435
50504564
44046340
34300004
45404534
44045544
44033403
04444033
05444304
54546344
35633550
05343403
40304300
00443455
43060660
06353030
04003354
34345404
35444040
05540544
03040543
40440000
55040067
64030550
33563333
54333044
34056353
05754405
64504453
43035343
33000303
34030460
03353465
34404445
04033043
00034003
44505335
00430064
43404043
FFFFFFCA
30403400
33434405
33434033
43565005
35400344
43043000
00543300
36603555
55545543
04000343
35040436
44045604
03554030
44034440
43303404
03563330
64344446
63350444
44304303
53433003
00435044
03565540
36440444
33033403
05353030
56333046
40043330
03030403
33540344
40405503
00540440
54550030
30430344
30344000
34540463
45005445
00040333
50300054
44356030
40454035
05004004
54004540
03353030
53544454
45405055
43434003
44030445
43056634
04400405
30403344
34305440
04333445
55504345
40444545
00000304
46303040
34305364
00534440
46403335
04035344
30304405
54503540
63440354
04443333
30040344
44004434
44460543
45400303
34440403
03453430
56303354
40455543
FFFFFFFE
43000034
00434544
34045053
04436530
53540030
04345534
40505445
43354456
63333355
03434444
45353534
30445636
50455004
05543040
44433435
55505033
33554360
05045300
43444033
54303366
56545533
40406444
35033303
33000453
44560334
45604434
53344644
34433445
36045445
54365033
55536430
54440430
44334400
43400046
65563566
33345434
44404353
30453303
50435564
35564405
54530353
44454500
35345546
40665655
55400405
43333540
35435465
35544545
45053355
40050445
33366430
45565330
40543544
60304443
33540404
54540350
34003434
46654434
36630450
34005344
05445500
33443455
04450354
00430004
05004346
54456560
34433304
40530440
05053444
00364035
06444565
34304333
0000005B
44334435
55343055
03440303
04364433
55400043
04444304
54545406
40500546
50003000
40300404
55540054
53045430
45555030
45543005
50504553
35456634
65044556
40345335
30334340
44544543
34364564
05465003
03003003
00343304
03344405
55040354
03530403
00544055
55545565
65566363
04545443
40403034
43404405
05565404
53640553
40403343
30403404
00500540
44554403
33064335
04340340
03340454
55455355
35450066
35340544
55003435
43343445
55435050
34030435
54344030
30534353
55465405
55500403
44004403
04344335
53050555
65446563
44065340
56544034
45035550
35553554
36340334
65435464
43344330
34533346
34355300
44055303
53540034
03340304
00444330
53034055
00443504
00000020
33443034
54404435
63435645
04334003
33043030
03034434
34354000
03340055
53000030
40040340
00003553
35335554
44043000
03030340
40005554
00336544
40553455
04343543
00044330
05433400
00345344
33554440
35330330
03445554
45050645
55554535
34035555
40444344
35400355
44005454
04435034
44403003
34034400
03454343
04450443
43300553
30300004
03343450
35355555
35554504
44330000
34040444
30454400
40400450
34344440
00343303
00500444
05045544
34454403
55343030
40033045
05445034
55503503
54344434
53430334
03333344
54045435
04353504
34453304
33005534
04540304
45033444
34004044
00000300
44440444
44044544
35555443
45404354
03004034
30303303
33430044
50300303
00000012
04340303
05033435
30450444
00565330
55600035
33034455
04555345
30533455
43034334
30334344
44300354
53404430
30465404
56543304
30004450
45555354
60504566
53500000
00450304
34400503
53055433
33565443
43300433
44000000
44334000
55530044
50044443
40043003
04033054
30450043
40033430
43454000
00034403
35533333
44553454
55034350
30334043
30400333
05340435
05434450
03440330
03034343
35545345
35434034
04004404
30000300
44003446
43343650
04544434
35504340
00344040
40040453
44400445
34303443
00335030
45340334
55334053
00445403
04540455
44434003
33455343
55304350
00043434
33340045
04305346
34406655
33330400
44343435
40303434
00343044
30533354
43344445
FFFFFFD0
33330430
43300354
30545403
54544054
34344035
03300440
04344543
60554346
44330333
00443403
40403454
54443453
40665343
33044403
33005433
54545435
35554456
54404444
40053303
00043433
05455644
04556403
50443404
45033433
30534340
36604344
40044304
34400043
44333455
54455454
34505403
35550400
45033030
00555303
40044044
40334043
44050450
44040046
44345553
33344304
03303430
04333440
44446435
55540544
43434003
00340043
33004046
43565540
45434033
04543453
03440404
43505345
44530433
05303035
44555500
50030045
55034454
33543003
30033004
43004543
33566404
44440305
53403304
33334003
43030405
50400545
45305444
34530440
44400403
00305303
55503444
50300000
FFFFFFC2
30040343
03040345
43355555
00545504
04000030
30034430
04355335
53340344
54034003
03040000
34330055
00055555
04445500
30400304
00405443
04435405
64530345
43004000
00003030
45333565
53066554
30453330
33003033
04005430
33554034
00050456
64040304
33044004
35400355
34344455
00440504
43430004
03040034
00454044
54533330
30303340
40003400
00400033
40435650
03450003
40300000
33043030
45350046
64450344
43005443
00333043
30300343
03365560
35435534
54430300
30030034
54445444
45330355
44450443
03040033
40003305
40055560
00446540
03430340
34000404
30554440
45553343
34344430
00003404
43433034
40355455
04503540
55403033
00300430
44000334
34333044
44003003
FFFFFFD2
30354435
44433453
03344630
45034454
40544045
03430453
00370333
64603455
65440455
00040433
33044305
44005665
00655030
03544006
00304643
00563005
54533550
55035543
43344530
55443335
53430565
40466545
40040430
04003454
03050030
04304003
30005444
40554300
05040455
43003644
35556404
56434334
33404000
34464004
46350453
44434554
00444335
44033355
30434654
03450044
04300000
40350444
04673440
44030004
64004664
30403003
44434343
33336654
40333434
43500040
33330003
33550305
56400465
43044553
03340040
40004055
53006555
03555530
64350440
00040304
03404404
66503456
65005436
40454044
30430404
03345634
34354034
45040004
00000040
04054404
65400354
53355343
00000045
00000043
34330334
30330330
03040333
54550000
40000403
00354430
44544356
04340603
33044053
34040453
44334540
03664033
40444403
04435343
34000300
50443660
54445430
30340000
00303044
43006553
03554004
55430430
00033003
30540054
53300300
40300044
04444343
00334044
00030040
43450035
36404450
34400350
03404003
45430456
34430540
44440403
34033403
34554435
50450034
44303304
44003030
00353343
45303445
34004404
40534043
30443004
03336604
33350034
36400003
43330004
33543404
45433044
33343653
30303343
34433335
34305053
05363445
06054343
03333400
00454004
65333553
53330430
34434304
44434444
55434645
34055340
34303330
30044043
00550343
30333535
53455500
0000000A
03044003
44043405
34333555
40555534
53550030
04343043
03444045
54444055
54404333
00030004
40400344
43344554
00063030
53003434
43005405
03440334
45544546
54004340
44330434
33403044
34306043
03364500
43340400
40003535
03433405
04040040
35400304
00403000
44350333
43403005
44405433
43450033
34040043
00334044
55443355
54044544
40530345
50000444
40333404
43553405
53404440
44300444
00450344
35444335
54005450
00434500
33450040
30306555
04365300
54400335
43033043
33344544
04400335
55440300
33034334
43030056
33434054
00400304
54050303
00400544
00353330
65000306
34035040
33305443
00553403
04343445
00454000
40003333
43400403
35040034
40434405
54354344
00000057
40444444
44004334
40355300
45460335
04430003
03033444
43055433
63433065
40334544
33340303
34343435
43044450
40434444
55334053
04044440
00663034
45003533
40444343
33450544
44440343
40335553
43664334
43404430
00040404
44440000
45440544
35045344
33445304
00343444
50003603
04634444
45443003
30000430
04360330
34334355
44035533
43545000
40040433
33054034
55655344
55503044
43043304
00453034
45500454
54340533
03330303
03303043
43006504
35554435
46034443
50400035
30343300
35434553
50554504
44354444
55304034
00343000
03553443
34443350
45044444
00644335
56344554
54444440
43444400
44304043
33005600
30354004
44040344
40330403
00303000
54503355
43000543
FFFFFFBD
33400000
40000034
43435443
00454303
53600000
04030033
00355300
46604455
43035550
00043004
04030044
43433450
03555003
04440330
30444433
30443033
65400455
54034004
30330330
43500345
03005550
34450044
44403003
35400330
03034030
45340435
44434444
00030004
33043430
00304534
43556003
45003040
03033340
00453334
45433346
03355440
33334334
30030343
40335040
40554043
65400053
30403443
00500030
56544304
53036543
03300040
30000354
40035504
43560443
55303043
03344003
00550034
34404440
60444540
33303003
43300455
04304644
03435400
55530303
40334440
00454033
66533454
44045333
33303040
44344444
34035403
33444403
45034430
00045330
34550030
06334343
40040433
FFFFFFA1
30340440
03403445
05030343
30664400
40600330
30403400
00350430
55303335
54445540
33304403
43443053
05044343
33655450
53304430
00345503
03045330
40030456
54044054
44444034
33440345
44336433
33544004
65030000
34333000
04430044
34304043
40443343
44403000
34540034
00300540
34030045
66040430
30054344
04444350
44434354
00303633
33030034
44033063
00454343
54054344
03030440
33343443
40550300
36504545
44505533
30000435
30030044
00446633
35530304
33000404
00303000
40443043
46530445
44445343
30304003
43440406
43005504
33564040
05044530
44434443
30054434
65353540
45040454
33053304
00330044
04004634
53556043
45430000
33034340
30563030
55404355
44335343
FFFFFFAA
43045340
43000304
43334530
05464005
56343054
00030043
33345030
34434063
54040440
00040030
04343344
33303443
00453000
55434444
05054434
04300344
45430506
64004534
00044000
30430005
43405434
34634443
54333304
34044354
04033444
33305445
33444454
05403033
43333055
30330504
44454434
35443000
43003034
34540445
43444454
54305554
30030333
35044405
40445540
34654404
55030003
45404000
00454303
44400000
53340054
03344533
00040445
04545050
04443405
35503304
40434533
00534300
34304535
43455445
44430333
00043045
40333550
03640430
53533044
40433443
00050334
55630450
34044404
35004330
03344335
44040655
03454545
53403434
03000035
40453403
00450550
35345533
FFFFFFC4
50000053
40004355
53404540
40565004
53634000
33443043
33044040
45533354
34035365
30303030
30433035
04445444
44330004
55450000
03400444
00343403
44540443
73430440
30340034
50000004
34045550
45536440
40430000
34333443
54340044
45343450
60305550
04440343
04030455
40333545
05645405
53640300
43400033
30400304
40304056
64043360
03004043
43033564
04366554
44453455
56530350
43343354
00545435
66604334
60434564
43343430
04350544
40355433
35540055
46504000
30344400
40533045
45305560
54444453
43303430
45030455
04440554
04563533
06643004
03030543
40354434
56040554
65403435
00434300
45053043
43035544
33605344
43630043
30430300
03004403
54043445
44040650
00000078
50053005
33304404
40040643
33454400
63534445
40440303
04400433
55533446
65040544
54400034
05304435
04306644
00450030
55340046
00334500
00655340
66444566
60445555
04354334
03433455
00446564
04565540
44403033
40300334
00043333
05534043
04004300
34505503
00344444
40445503
34546343
40544043
03034400
53304404
06430300
00454540
04300400
54000050
00044634
04453005
04303033
00344030
34303430
04440530
60534555
00544043
50033454
00405534
54440004
43504054
34034340
40460433
56344066
54335400
40400000
43403035
53446654
33565440
53403400
00444343
45650455
65055450
65304040
43444440
44444044
33035634
30044330
54430000
33300540
30435334
65344045
50045444
FFFFFFE1
04340343
34400054
33434343
34440400
50353044
40400340
00330430
35434305
63043443
40454344
35430446
33345544
40650003
55530445
34054540
03343433
30444555
53305554
43404000
34340053
40030553
44646344
53004340
30333444
30443040
45030445
40003043
30440300
00304335
03004554
44446333
44535043
30003334
44453040
34034064
34004054
30033340
44433453
44045035
05453455
54430004
30400430
40404033
46444435
53005554
44340303
30000054
53335504
43443435
40434330
44040433
04400403
53403034
40405550
04344040
44304035
40006044
34644404
55404330
03433334
00545403
64503454
33033030
34403040
33334404
00005404
33003435
44403043
34000004
00040334
65403455
53345540
FFFFFFB8
00300000
45043444
03000430
40550003
60533034
30435440
00053004
35003454
55305450
03334404
34004045
53404553
34553440
55500334
04030300
40450003
44033003
45000044
00403404
00430044
40035550
34605333
44450300
40034003
43004433
05433506
44444450
04033044
33434436
40033545
34450403
05453443
34030030
40054000
46430465
30055444
30434333
53343035
50446404
50540345
60440334
40340503
00440004
34434403
50443344
33300300
44044355
04446544
44353335
00443443
03343444
04543403
36344564
00353503
43430330
40044456
34035650
04550040
34544005
00044453
00450435
00034000
54303443
04030340
44040034
33035544
34554503
50453330
04444000
04034303
60400355
44045443
FFFFFF98
03403043
33404444
33445030
43354436
55403435
33300530
43455430
55544005
53045454
44044340
44034443
00444033
43555443
43350000
44405305
43544404
33404446
54403344
05404450
04344435
30445450
54354004
54440034
00033400
30305004
35454544
45553034
40530000
00040004
44004540
55634400
45533004
04030000
33033443
05300045
44003545
30003004
45550334
43044043
03034045
40404350
04455544
34050444
45434344
50044454
43043043
40344433
34304000
40554335
43430400
54534403
03554504
05404660
44054455
30003304
44350456
34303550
04654040
55344340
55034453
03453030
34600006
53334340
33303304
43040044
34004340
34556335
03450003
00043340
40455043
45040435
34056434
0000002C
04444033
40440044
44444403
50343353
35334440
00343330
44454053
54334356
54000604
44004334
33004444
44053554
54353044
05034443
34000403
04344340
46530464
60304040
04004400
54503445
34043430
54535330
05440444
30033400
03004040
35444405
45040404
03033403
34343005
40340534
33544543
46443540
43430444
44535044
45434344
44355643
33434003
45030340
54054304
33533344
64404350
30304454
40453034
45534346
54303645
44305443
33403434
44505444
34404505
30530440
04340404
34433504
55403454
53440640
34300504
45304055
00504444
03503435
44040404
43304050
33050300
06040455
53040350
00044040
44054055
40405645
03550300
46544505
44540353
44353353
55035455
30053533
FFFFFFF7
43343540
34433045
43045533
40460343
45633304
00303034
04454355
56403455
60453540
43033440
44440455
54444550
43405333
45400403
44355433
43555005
55533656
50454443
00303434
00430305
30046553
03666345
43443030
30030443
54004330
44340440
34433040
03000400
30443454
03044645
44444434
40400034
30030503
30554004
55404343
54444550
00030030
30404533
04653444
04550044
45534403
43440540
04534304
56404555
53004553
44404000
43353350
05056644
34334405
43000033
43000054
33545430
45404545
53355403
40004300
43433044
40400455
00565445
45600344
30005430
34340034
53403455
63443034
03045400
35550043
05405604
43065400
33400300
30040000
30054040
35454456
64305650
0000002E
33545400
04403444
30004033
03534330
04003444
44000030
03554043
54353044
40335444
03403030
34304353
03333445
00333033
35530044
03044404
04546534
56653335
34034330
30454344
40403005
04345430
00465400
50503000
03033340
43405443
43304050
40004040
30033340
04333435
53434554
40554030
54453003
44000333
43053300
63500005
04005504
03000403
34040004
30444443
35055304
55000030
00334043
45404534
35504450
40005500
44003430
30040464
05455443
55544044
03303440
00003434
04454404
54343544
53330434
03340404
03503045
03035554
05540404
03540333
00344343
45454534
55543545
43004333
03450003
54033054
43003555
05355530
54434330
03030333
04403004
34440044
45003330
00000061
40300003
44340335
45504544
03444340
43034030
40004340
34565404
44334454
53003300
33340043
43330305
54045450
00035430
00300030
30053053
04355330
35540455
40333033
43304304
33534450
50335554
33533300
33540030
30045040
35545003
05353306
65404343
04400043
44400355
04345354
00553404
00444033
44403043
03004534
44654445
53405043
00343303
00003445
35035654
44404303
30303040
33400340
34555404
53303050
34304304
00543343
34300353
04054654
05500335
55400453
00004644
33334334
45550065
43334400
00040040
04000056
65304563
30665340
65440334
33043350
04045444
45500450
30304044
33040043
05340355
44045460
04304300
44533000
00000303
03430034
54300050
44345034
00000008
30044040
40443304
40303355
03553543
03344303
00443403
43540344
43433045
53043044
34300300
43440344
33455550
03455433
35003400
04343530
40033504
30540056
34333003
00430303
00433435
44035040
04454300
35304330
03335440
44535535
44553556
54040434
00333004
40330354
04546554
43505033
44040430
03300344
34553034
46443445
03043530
00304004
44045650
44005450
05645345
53344440
30435550
45653003
53443055
00303440
40300304
30000534
40456533
30400405
55304404
34044433
44400430
55440456
60004553
03435333
44440043
44440533
34354303
05434444
53035433
40030404
63545350
63440033
04440033
54033454
50336553
00455433
55404004
34430330
30500340
40030535
53004550
FFFFFFBA
44330404
44040556
44344565
53455000
05443443
00004503
43545443
64640344
54003300
40040343
33043053
00335344
00543034
44533333
44344440
33045404
55500056
40300404
44000005
44343350
44334550
43553000
43543443
00333543
34454035
65540350
53444535
43444303
30444445
53334054
45035433
04534404
43034034
43540035
33530450
54004534
43003330
34004564
50040450
05450030
54304303
40343540
40455035
55000066
33300400
04533040
30000035
40055333
03543034
55530053
04445340
43440434
55443355
53305550
00445000
04300340
33034505
34460044
46340405
44333533
34455034
56634036
43444444
33400433
03440443
03436065
03446430
44540400
43440540
40344530
44433046
50005550
FFFFFFE2
40003430
00440434
03440540
00355440
00330033
33334445
03400433
43553355
40330030
03303040
40340445
53334555
03455500
44400034
00300303
30450004
55500445
44034430
30040330
53340044
54005665
00455300
44033300
34000343
40500004
63543044
54004334
00430004
43403454
40404403
03545433
44503034
40044333
35454004
43003455
44304330
04300303
33400554
54335635
05554403
54300333
00005440
33543403
34500355
04003000
30544034
00340054
30340403
04455004
45300044
00000403
04540504
65344064
00035040
00050303
40000045
54305543
30563530
36030044
00035430
00404330
00403304
40430003
30440030
44330033
53445554
00545303
33434040
04000030
40433000
60430340
43005543
FFFFFFDA
40503040
53000344
35000464
05555404
04440034
00403043
00434305
63540403
33034403
00040003
04000354
54403044
05603440
34403400
04035033
40543336
54433345
04034430
30033000
54403345
44056544
45553000
43430303
33344354
53433303
43454443
33033453
33040300
30443044
40404554
00053330
30440003
30004003
30005004
04300053
53000530
00030045
43333544
43405504
33544033
40303330
03303300
04530004
64443500
40000433
00000000
00044335
30044333
05544003
54400440
00333453
34354303
55440056
33334634
04000033
40540003
50344044
05433400
04433300
33445500
03553035
45433454
30030344
44303400
05304404
03034345
04535403
44400404
03333533
33030433
00400435
30004533
FFFFFFE2
04303403
04434036
53344544
33355030
05300004
30030034
34605303
05043045
43034440
30044430
34330035
53000004
44530333
03500033
40000004
40650044
64633454
03434033
34000344
00044350
44445540
03355430
35500000
03433433
04454545
64540040
53304553
03003000
40430660
54036643
03506000
45403000
43000300
03444433
34433055
50005533
44044040
00404505
50355405
05043530
45000033
40304345
06655344
65443045
00003443
30030404
03334044
33004553
34455435
44540343
04000444
06630403
65400334
40333503
03003034
00033334
43406554
00665500
44530300
40003500
43653033
60505053
30444303
00044000
43444036
50303465
00535440
50503333
40000003
04034000
50533354
60004500
00000038
00443000
34030044
44300403
30455303
35040030
33034440
30465434
60500454
43004000
30040030
03300055
44335403
03550300
35433033
03034550
33555044
65403045
30334300
33030334
55404345
43036053
00444003
04433330
34434533
43444003
54643444
33005544
00044303
04403045
43030503
30564000
55500304
00300430
00455403
40400054
54005354
30000340
34443455
45345344
35054400
44300330
43403044
03554440
45300553
40043340
33303000
03400305
34043430
35543034
04430000
33340334
33404406
45443434
40433340
00033330
30404305
53004554
04565340
00530343
30004344
50434055
50433334
33003303
00030333
03540005
03044564
33550303
44540030
43000030
00330304
00300455
40330030
FFFFFFB8
30053404
44043506
43300405
54004433
45530403
00034605
00060330
56504354
03045334
43000000
00530540
30350635
40543404
44034343
53330534
54450045
43444354
33455550
33050403
46034335
53000534
04504430
54000440
43345553
35565306
05540443
44445440
40553303
06403464
50454330
34530304
40540450
00430330
53505404
50505550
55056555
34540453
05403056
50433404
04445003
00340440
43404035
05454505
40050555
50430440
54533033
03544544
33064404
40504435
54033460
00344403
03353444
45633540
33443353
43405403
54543355
53053354
05404035
45053304
00000064
50464344
53000444
40003604
00344304
44503454
05045054
05505504
04530044
30054430
00044400
43443443
34055354
FFFFFFEF
30030345
05404055
40034300
44434000
44433000
30033440
43445404
44430053
54043300
43304340
04303054
33343345
05455400
44433043
03344440
45505544
46654446
50540340
03040304
40400434
44034560
44530004
44330400
30330430
34540500
43034334
34040440
03433030
04330035
00400440
35054340
33054044
40334050
33050003
30440504
34433044
00030000
44344554
43333454
05353334
54030000
04034450
05553440
34403044
03350330
03433433
44400345
03056444
44044344
03033400
33400450
40450503
55554344
44040430
30330400
05534536
54500453
55040400
40533400
00335444
03444505
33004535
60434043
03333003
33304403
44056005
05344343
43443440
34300030
33034330
40404333
34330033
FFFFFFCD
00444330
04300440
54003403
33433040
34433030
00004303
34300440
44453443
33044400
30004400
03000440
40334444
04355340
50433344
34034550
00445505
54350406
50404430
33333433
50434444
35334053
04454000
03340404
33300404
03505404
66440403
44000434
03433000
44043366
04334444
05044404
40050443
30040350
40544030
45440404
04335444
04000305
43030050
30304540
44033044
55330000
04005553
34503434
44540404
00303430
03433030
44303565
43040560
00444305
00003030
50003434
43044344
43550455
44033343
33400440
35500055
40334553
04453444
43440034
40003350
00454504
55404036
34000434
33030343
44050566
54054455
05455030
54300300
03334334
33353035
43033443
43303000
FFFFFFA3
00000000
00000000
00000000
00000000
00000000
00000000
00000000
00000000
00000000
00000000
00000000
00000000
00000000
00000000
00000000
00000000
00000000
00000000
00000000
00000000
00000000
00000000
00000000
00000000
00000000
00000000
00000000
00000000
00000000
00000000
00000000
00000000
00000000
00000000
00000000
00000000
00000000
00000000
00000000
00000000
00000000
00000000
00000000
00000000
00000000
00000000
00000000
00000000
00000000
00000000
00000000
00000000
00000000
00000000
00000000
00000000
00000000
00000000
00000000
00000000
00000000
00000000
00000000
00000000
00000000
00000000
00000000
00000000
00000000
00000000
00000000
00000000
00000000
00000000
00000000
00000000
00000000
00000000
00000000
00000000
00000000
00000000
00000000
00000000
00000000
00000000
00000000
00000000
00000000
00000000
00000000
00000000
00000000
00000000
00000000
00000000
00000000
00000000
00000000
00000000
00000000
00000000
00000000
00000000
00000000
00000000
00000000
00000000
00000000
00000000
00000000
00000000
00000000
00000000
00000000
00000000
00000000
00000000
00000000
00000000
00000000
00000000
00000000
00000000
00000000
00000000
00000000
00000000
00000000
00000000
00000000
00000000
00000000
00000000
00000000
00000000
00000000
00000000
00000000
00000000
00000000
00000000
00000000
00000000
00000000
00000000
00000000
00000000
00000000
00000000
00000000
00000000
00000000
00000000
00000000
00000000
00000000
00000000
00000000
00000000
00000000
00000000
00000000
00000000
00000000
00000000
00000000
00000000
00000000
00000000
00000000
00000000
00000000
00000000
00000000
00000000
00000000
00000000
00000000
00000000
00000000
00000000
00000000
00000000
00000000
00000000
00000000
00000000
00000000
00000000
00000000
00000000
00000000
00000000
00000000
00000000
00000000
00000000
00000000
00000000
00000000
00000000
00000000
00000000
00000000
00000000
00000000
00000000
00000000
00000000
00000000
00000000
00000000
00000000
00000000
00000000
00000000
00000000
00000000
00000000
00000000
00000000
00000000
00000000
00000000
00000000
00000000
00000000
00000000
00000000
00000000
00000000
00000000
00000000
00000000
00000000
00000000
00000000
00000000
00000000
00000000
00000000
00000000
00000000
00000000
00000000
00000000
00000000
00000000
00000000
00000000
00000000
00000000
00000000
00000000
00000000
00000000
00000000
00000000
00000000
00000000
00000000
00000000
00000000
00000000
00000000
00000000
00000000
00000000
00000000
00000000
00000000
00000000
00000000
00000000
00000000
00000000
00000000
00000000
00000000
00000000
00000000
00000000
00000000
00000000
00000000
00000000
00000000
00000000
00000000
00000000
00000000
00000000
00000000
00000000
00000000
00000000
00000000
00000000
00000000
00000000
00000000
00000000
00000000
00000000
00000000
00000000
00000000
00000000
00000000
00000000
00000000
00000000
00000000
00000000
00000000
00000000
00000000
00000000
00000000
00000000
00000000
00000000
00000000
00000000
00000000
00000000
00000000
00000000
00000000
00000000
00000000
00000000
00000000
00000000
00000000
00000000
00000000
00000000
00000000
00000000
00000000
00000000
00000000
00000000
00000000
00000000
00000000
00000000
00000000
00000000
00000000
00000000
00000000
00000000
00000000
00000000
00000000
00000000
00000000
00000000
00000000
00000000
00000000
00000000
00000000
00000000
00000000
00000000
00000000
00000000
00000000
00000000
00000000
00000000
00000000
00000000
00000000
00000000
00000000
00000000
00000000
00000000
00000000
00000000
00000000
00000000
00000000
00000000
00000000
00000000
00000000
00000000
00000000
00000000
00000000
00000000
00000000
00000000
00000000
00000000
00000000
00000000
00000000
00000000
00000000
00000000
00000000
00000000
00000000
00000000
00000000
00000000
00000000
00000000
00000000
00000000
00000000
00000000
00000000
00000000
00000000
00000000
00000000
00000000
00000000
00000000
00000000
00000000
00000000
00000000
00000000
00000000
00000000
00000000
00000000
00000000
00000000
00000000
00000000
00000000
00000000
00000000
00000000
00000000
00000000
00000000
00000000
00000000
00000000
00000000
00000000
00000000
00000000
00000000
00000000
00000000
00000000
00000000
00000000
00000000
00000000
00000000
00000000
00000000
00000000
00000000
00000000
00000000
00000000
00000000
00000000
00000000
00000000
00000000
00000000
00000000
00000000
00000000
00000000
00000000
00000000
00000000
00000000
00000000
00000000
00000000
00000000
00000000
00000000
00000000
00000000
00000000
00000000
00000000
00000000
00000000
00000000
00000000
00000000
00000000
00000000
00000000
00000000
00000000
00000000
00000000
00000000
00000000
00000000
00000000
00000000
00000000
00000000
00000000
00000000
00000000
00000000
00000000
00000000
00000000
00000000
00000000
00000000
00000000
00000000
00000000
00000000
00000000
00000000
00000000
00000000
00000000
00000000
00000000
00000000
00000000
00000000
00000000
00000000
00000000
00000000
00000000
00000000
00000000
00000000
00000000
00000000
00000000
00000000
00000000
00000000
00000000
00000000
00000000
00000000
00000000
00000000
00000000
00000000
00000000
00000000
00000000
00000000
00000000
00000000
00000000
00000000
00000000
00000000
00000000
00000000
00000000
00000000
00000000
00000000
00000000
00000000
00000000
00000000
00000000
00000000
00000000
00000000
00000000
00000000
00000000
00000000
00000000
00000000
00000000
00000000
00000000
00000000
00000000
00000000
00000000
00000000
00000000
00000000
00000000
00000000
00000000
00000000
00000000
00000000
00000000
00000000
00000000
00000000
00000000
00000000
00000000
00000000
00000000
00000000
00000000
00000000
00000000
00000000
00000000
00000000
00000000
00000000
00000000
00000000
00000000
00000000
00000000
00000000
00000000
00000000
00000000
00000000
00000000
00000000
00000000
00000000
00000000
00000000
00000000
00000000
00000000
00000000
00000000
00000000
00000000
00000000
00000000
00000000
00000000
00000000
00000000
00000000
00000000
00000000
00000000
00000000
00000000
00000000
00000000
00000000
00000000
00000000
00000000
00000000
00000000
00000000
00000000
00000000
00000000
00000000
00000000
00000000
00000000
00000000
00000000
00000000
00000000
00000000
00000000
00000000
00000000
00000000
00000000
00000000
00000000
00000000
00000000
00000000
00000000
00000000
00000000
00000000
00000000
00000000
00000000
00000000
00000000
00000000
00000000
00000000
00000000
00000000
00000000
00000000
00000000
00000000
00000000
00000000
00000000
00000000
00000000
00000000
00000000
00000000
00000000
00000000
00000000
00000000
00000000
00000000
00000000
00000000
00000000
00000000
00000000
00000000
00000000
00000000
00000000
00000000
00000000
00000000
00000000
00000000
00000000
00000000
00000000
00000000
00000000
00000000
00000000
00000000
00000000
00000000
00000000
00000000
00000000
00000000
00000000
00000000
00000000
00000000
00000000
00000000
00000000
00000000
00000000
00000000
00000000
00000000
00000000
00000000
00000000
00000000
00000000
00000000
00000000
00000000
00000000
00000000
00000000
00000000
00000000
00000000
00000000
00000000
00000000
00000000
00000000
00000000
00000000
00000000
00000000
00000000
00000000
00000000
00000000
00000000
00000000
00000000
00000000
00000000
00000000
00000000
00000000
00000000
00000000
00000000
00000000
00000000
00000000
00000000
00000000
00000000
00000000
00000000
00000000
00000000
00000000
00000000
00000000
00000000
00000000
00000000
00000000
00000000
00000000
00000000
00000000
00000000
00000000
00000000
00000000
00000000
00000000
00000000
00000000
00000000
00000000
00000000
00000000
00000000
00000000
00000000
00000000
00000000
00000000
00000000
00000000
00000000
00000000
00000000
00000000
00000000
00000000
00000000
00000000
00000000
00000000
00000000
00000000
00000000
00000000
00000000
00000000
00000000
00000000
00000000
00000000
00000000
00000000
00000000
00000000
00000000
00000000
00000000
00000000
00000000
00000000
00000000
00000000
00000000
00000000
00000000
00000000
00000000
00000000
00000000
00000000
00000000
00000000
00000000
00000000
00000000
00000000
00000000
00000000
00000000
00000000
00000000
00000000
00000000
00000000
00000000
00000000
00000000
00000000
00000000
00000000
00000000
00000000
00000000
00000000
00000000
00000000
00000000
00000000
00000000
00000000
00000000
00000000
00000000
00000000
00000000
00000000
00000000
00000000
00000000
00000000
00000000
00000000
00000000
00000000
00000000
00000000
00000000
00000000
00000000
00000000
00000000
00000000
00000000
00000000
00000000
00000000
00000000
00000000
00000000
00000000
00000000
00000000
00000000
00000000
00000000
00000000
00000000
00000000
00000000
00000000
00000000
00000000
00000000
00000000
00000000
00000000
