45166667
55550644
65551664
35657455
50560000
FFFFFFC0
41214233
14344424
22244344
41144403
24340000
FFFFFFF3
53635526
23353347
65455254
64504665
66560000
00000077
36537647
53326455
65533554
46435036
44650000
FFFFFF91
65357245
45566656
30605636
46756564
34350000
00000001
22243344
24443344
34344334
33134433
44440000
0000000D
06635656
60454447
65254366
45656434
65530000
0000001A
05556665
55443376
63660362
56735456
45330000
00000030
45653527
46556563
42335457
64625556
70430000
FFFFFFA8
43443334
30414411
43343321
13343444
10330000
00000005
30355444
54222232
51453345
54325220
44340000
FFFFFFC2
46554664
44636333
52476646
47534656
55440000
FFFFFF9C
44633637
62245645
54044465
46603647
66560000
00000068
37545443
35566645
66564646
34564654
64660000
FFFFFFF2
34243044
24133342
44403313
43344232
33230000
FFFFFFF6
57425435
06564604
55365566
65764635
54760000
00000070
13132442
32033441
34424233
42442144
13320000
FFFFFFFE
66037504
35435647
66546562
33636525
34570000
00000020
55455504
66365506
40435365
43757665
63660000
00000062
43434301
24444443
12243313
33343433
34430000
00000000
00000000
00000000
00000000
00000000
00000000
00000000
00000000
00000000
