E3
E5
51
63
A0
00
D9
C7
89
9D
10
00
AC
5A
A2
88
D0
00
2C
75
97
18
90
00
F2
93
24
26
F0
00
67
5C
B8
4F
E0
00
0D
9D
90
34
10
00
6A
4C
50
D4
50
00
5C
1A
F0
B7
10
00
AF
35
2F
7D
80
00
A1
D3
B2
12
90
00
31
EB
E9
B9
10
00
59
AB
5C
EB
00
00
2E
F2
6D
6A
A0
00
D9
F5
CD
EA
D0
00
E3
68
3F
12
20
00
1F
1F
99
B9
30
00
C4
3E
62
17
A0
00
38
18
39
9C
70
00
39
2D
76
DC
50
00
84
48
70
00
CA
62
90
00
C8
8A
10
00
95
63
E0
00
66
CE
30
00
15
47
90
00
82
7E
40
00
78
A3
50
00
92
0B
80
00
25
A0
20
00
00
00
00
00
00
00
00
00
00
00
00
00
00
00
00
00
00
00
00
00
00
00
00
00
00
00
00
00
00
00
00
00
00
00
00
00
00
00
00
00
00
00
00
00
00
00
00
00
00
00
00
00
00
00
00
00
00
00
00
00
00
00
00
00
00
00
00
00
00
00
00
00
00
00
00
00
00
00
00
00
00
00
00
00
00
00
00
00
00
00
00
00
00
00
00
00
