34766456
51525634
56640000
0000004A
74337255
74557557
46530000
00000062
54645466
42666615
46730000
0000009B
44565334
63485645
44340000
FFFFFF85
75467555
65344627
16450000
FFFFFFD8
31567575
74444445
46330000
FFFFFF8B
61637165
73475644
04740000
FFFFFFEA
64623467
55457735
34640000
FFFFFFB2
34776356
61453745
37340000
FFFFFFDE
62457256
65466735
46640000
0000003E
00000000
00000000
00000000
00000000
00000000
00000000
00000000
00000000
00000000
00000000
00000000
00000000
00000000
00000000
00000000
00000000
00000000
00000000
00000000
00000000
00000000
00000000
00000000
00000000
