47363505
00000000
FFFFFFE9
00023030
04430034
03233200
40204533
44442032
03220002
30003000
20000340
00020300
02220032
00003243
30303004
03000000
23330322
20000233
22000034
04534030
22000002
30323430
20334044
40003220
22444035
35343300
43333300
00002203
22320000
00000022
45405450
42302033
30003332
30040444
43442332
30000034
00344044
40505442
00220202
24323320
00000020
22303302
22222000
20220000
0000000B
20203330
42000303
00342530
54232232
42242334
04304003
03404430
00332032
23203223
00004230
03000200
30223403
34233242
40220020
44324020
44233302
20322340
22003003
24303320
32020202
43020200
32330353
43303034
30040044
50442300
34342330
22022440
32020203
23024243
30222320
23000003
00000333
33003243
23323002
34343232
33400003
00040333
34304223
03000340
34244034
32040000
FFFFFFF3
32230002
23450444
30044344
33233023
30023440
34004043
45434333
30400402
33344234
32343043
33234402
33222323
44323344
30234543
23223334
30400243
44403330
30322304
20430234
33020003
04024443
45330232
24403333
33423222
42443232
30303033
32000302
40020200
34035304
23033324
24433442
32230300
33323443
33300343
24304330
45023032
34303300
32243232
43330332
43303020
02300000
00000051
32223433
20434434
33330220
34303020
02234342
40342032
33243033
33224004
05404234
44355432
00334343
02243032
30230003
43204003
03034000
33332224
40233442
20034432
23034404
44303403
30403004
02302300
03303320
00444222
33422302
04204330
20032342
44303003
32302403
03034334
43030433
00024434
34044330
53233340
25033333
30034402
24044344
30324040
43330200
33432020
02000000
FFFFFFD5
43433022
34252340
24220022
33003330
03323304
33034202
32443432
33224030
24333304
32342042
33404000
02204004
43342020
30044333
34030220
20240234
33403303
43223233
30033004
43020242
33330033
03330424
30432333
43333002
30303334
23244403
43232002
23403230
42043302
23440443
40003030
00040302
33200344
03405532
33005003
44330303
00342222
43323450
04234334
04334523
30020000
FFFFFFFB
00000000
00000000
00000000
00000000
00000000
00000000
00000000
00000000
00000000
00000000
00000000
00000000
00000000
00000000
00000000
00000000
00000000
00000000
00000000
00000000
00000000
00000000
00000000
00000000
00000000
00000000
00000000
00000000
00000000
00000000
00000000
00000000
00000000
00000000
00000000
00000000
00000000
00000000
00000000
00000000
00000000
00000000
00000000
