00466444
50000000
FFFFFFA7
02220022
03020240
30230202
23033200
00030403
33403433
23322330
33203220
22300023
30020000
04040340
40000003
33023034
40000232
00233200
02020043
43423532
00000200
30302403
03040243
34000002
43054445
00544300
34430352
33032320
00002320
02002000
05505344
52220020
32322232
00325335
34344032
33042300
30403304
34534340
20203003
20000003
00230020
20424033
42330020
00320000
00000015
20002023
20440032
20333323
20222224
33540333
32443230
44244323
43350453
34032022
33344434
44403300
00020344
03303222
22000320
00000000
03223002
33403400
03244343
32230000
04404330
22000333
32034334
40333433
20222022
00032034
24544430
23222333
34303223
20332324
33020022
22234333
30200020
30020303
23434333
22203302
44343230
03345444
03422000
00033343
44222232
03300000
00000050
44233320
34444404
44335204
00043000
32225340
42442440
34444444
43444243
34023002
34042043
44440324
44444233
45403223
40022330
02330443
43322044
43420343
35440434
02000202
03333032
03203002
24304422
02220345
44402303
00000034
40020000
34042203
23222032
24452233
03032400
30200034
42030203
22234303
00400300
34000434
43003223
03444302
03553034
44003303
30023003
03340000
FFFFFFE4
22020033
20040332
32333200
20240034
43324332
02340333
22002042
34004343
00004043
02302323
33003302
30300202
20203030
04033232
20242443
00333322
00330002
22223303
04403402
00334203
34300020
03003334
43240334
45033023
32044300
20300034
40300003
03344433
04030333
00340030
34430344
34440323
40320002
30200002
03302320
03030303
43320302
02333432
33403453
03400003
03300000
0000003E
02020434
40345434
23202003
32233324
30243230
00433022
43443022
40332332
00004432
32002203
30423330
30320033
30200322
02340220
20420230
34332222
20222252
33243223
33203300
23032223
30433034
32034433
44200002
22003433
04330243
30340033
42423333
32323002
30020302
34422330
00330304
33343040
22540304
00234320
32043433
00323333
03344332
24202230
40233444
20042034
03230000
00000015
00000000
00000000
00000000
00000000
00000000
00000000
00000000
00000000
00000000
00000000
00000000
00000000
00000000
00000000
00000000
00000000
00000000
00000000
00000000
00000000
00000000
00000000
00000000
00000000
00000000
00000000
00000000
00000000
00000000
00000000
00000000
00000000
00000000
00000000
00000000
00000000
00000000
00000000
00000000
00000000
00000000
00000000
00000000
