54440504
40000000
FFFFFFE1
00000000
02302332
32202202
22204404
00040000
02032200
32032030
23000000
00202202
20220000
03002204
00432443
44400200
00000000
00423000
00000043
25034230
00200000
20343402
32000300
33030032
24344444
24240020
02200430
00302000
00000000
00020000
33424400
23322230
00032032
02302223
22000320
02202230
02223343
23220330
00002000
20033330
30000002
00422420
40000002
00000000
FFFFFFDA
03000433
33334443
44323023
44320344
33300043
04000200
30430002
04334003
00223020
23004423
33335444
44433044
30033003
30033202
32032000
30000040
02042040
23033000
03302033
30022300
20220000
30033033
23302033
30343002
00200202
03332200
00230232
02024202
30003003
03334223
02044444
40343302
00323430
40343230
00000232
02303430
00344430
32233333
43030303
30032304
42440000
0000001F
33002302
04322023
44030332
22032300
23433023
33240230
22200333
02300020
32204233
02302234
40333223
20404332
43220003
00023303
03203323
43433000
30023035
02002222
40032300
34334333
00203023
20243232
33343444
32034000
42232203
30232330
45355444
03222333
30442302
23220302
30022200
30003243
44343002
30042033
33230300
33443433
22032232
33304324
44232430
23233030
24320000
0000000C
03404035
23000000
40330330
23033440
33040500
00442400
24200323
03330220
03033033
32232323
30234244
24244002
42234303
03203233
23434303
30440304
43420203
04020044
23020044
50033403
45000003
44023330
40043303
30200223
22224430
03333000
34033232
00400303
43043033
34044223
34320302
22224043
23032445
00034423
32432323
40200034
03033243
02440032
33233000
00003434
44020000
FFFFFFDD
03430300
24343340
22433223
30243042
03234303
32022043
22030333
42453333
03240533
02002243
22455453
30444344
02044455
33440030
22033220
02023032
23043330
44000203
32320024
03234323
42332042
33034400
02423303
24240345
33043320
42042303
00340330
34322343
43344434
44444200
02202342
34333003
34330003
03444443
43033432
23202032
34034432
32432020
00430405
34433200
23220000
FFFFFFDE
00000000
00000000
00000000
00000000
00000000
00000000
00000000
00000000
00000000
00000000
00000000
00000000
00000000
00000000
00000000
00000000
00000000
00000000
00000000
00000000
00000000
00000000
00000000
00000000
00000000
00000000
00000000
00000000
00000000
00000000
00000000
00000000
00000000
00000000
00000000
00000000
00000000
00000000
00000000
00000000
00000000
00000000
00000000
