55544544
50000000
FFFFFFE8
00030020
03440002
24223333
33434203
24303322
20032330
34344432
22302022
20000002
00000000
04443330
00343200
20020233
32023423
43233200
20000035
22404242
00333333
33300002
20230003
00023020
00034304
34544432
02000033
33300022
00000022
00002020
44444300
33220002
00200020
23423000
20032233
03543030
00034543
05534333
32222202
00000000
22202200
22454333
33322222
00200000
FFFFFFD4
00002320
30440450
03303434
54004442
50430003
33000222
54300424
35544032
23300200
43355403
25334440
03232432
23423222
20020002
32020433
02003300
24033032
04453024
23300200
22230220
30002443
34334244
03333233
43342032
03430333
05430322
20222003
23303330
30020334
03000200
23035435
50020034
20323300
45034033
00000002
04033232
32244020
24420323
00400440
20342203
32330000
00000044
40342043
24204030
00430444
30020020
23222203
33323340
02320333
40043324
33333003
22002203
00202302
43020034
03343244
33422333
33344303
44334400
03202203
03444044
33200032
02433442
23332440
02223403
34203302
43023420
44334300
33303022
30000433
02022204
23333033
33004032
30333004
32233324
43444330
04043533
02200022
23340202
00232343
32330443
00303224
02054304
42040000
0000001E
20444333
33040030
00332430
30233043
33342033
03200002
04422232
30222433
33044233
44444332
03034442
30222323
22323404
02322222
30023000
33040343
34333233
33343344
32032032
03002334
30200033
03320432
33002203
42243222
30222300
33320323
32320023
30330330
30022032
02400430
43320334
52442333
00440232
20230433
34233233
44444324
22030033
03230000
32024222
00044433
02300000
FFFFFFE9
43430302
40233334
32332003
22200432
33032400
22403002
04333402
33034340
00533403
04230000
22342334
33332322
20003333
32334342
20233203
23300204
30230323
42433343
44323343
32444432
23033443
04445223
03220433
00433003
02400424
30330045
34402322
44354433
03024400
34403334
23444333
23032033
30024444
23444304
24200030
20254320
34303202
24040333
33333443
33223032
30230000
00000003
00000000
00000000
00000000
00000000
00000000
00000000
00000000
00000000
00000000
00000000
00000000
00000000
00000000
00000000
00000000
00000000
00000000
00000000
00000000
00000000
00000000
00000000
00000000
00000000
00000000
00000000
00000000
00000000
00000000
00000000
00000000
00000000
00000000
00000000
00000000
00000000
00000000
00000000
00000000
00000000
00000000
00000000
00000000
