44053566
30000000
FFFFFFE6
00233300
22023333
33343343
23300222
34442330
00022002
22020022
30002200
23233022
00000000
02003203
33344220
44400033
33333323
43000000
00022245
40024442
00022023
34333244
32442232
22023220
33320202
33403203
33444320
00033000
00000002
23002000
33233344
32002223
22333443
30000220
03342200
02320023
20303034
34453333
00000000
02200000
00022220
02323000
20000000
00000000
FFFFFFFF
23334334
33020340
34302002
00243300
30004443
34333000
00022000
00000002
20344444
22320000
00033304
00333233
03302323
00300223
33332002
20020232
23002200
03000330
34344344
42232303
30330330
33242203
02434303
43033333
44434340
00000203
33332322
23034233
03332432
00303000
30323234
33330334
33430033
22202022
22330230
23034023
00000033
00320222
00220030
30003244
24430000
00000030
04432332
02233302
30044243
30000404
33330230
20330300
34043303
20023343
20433444
00330030
22242004
00444442
44044433
33323323
03230323
00023024
52342323
45444404
22030020
00232003
03000222
03222340
30343443
03032043
22233000
44240232
00000022
22000033
32440224
04032243
03343043
33034030
20232322
33333344
40453040
23022332
03000200
03000033
23300342
44320032
32000000
FFFFFFF7
04353340
30005033
40432343
43042003
02434433
32203004
04304330
00340450
04004004
23400402
04504423
34342443
03334443
02000240
02330304
34445544
42332453
03243034
03235044
04334323
00000000
33423032
43230004
50333323
02344343
02200223
04220402
30433033
03040444
44004335
24300044
30332324
32430232
23000403
00300320
03303333
00300033
03443440
40323243
30030000
23030000
00000017
30442303
24433303
00234340
34324050
46434034
02303033
23234444
43433033
44034003
23330420
50020033
34223202
03034235
33442043
02002343
02330003
40200334
35320003
20333343
20333004
53330243
04033223
24330033
32334033
04304022
30233242
24330333
30042003
44330333
43423433
23440330
33242332
30304324
24433340
40004243
00004204
42433324
33433334
44323334
34543440
43450000
0000000F
00000000
00000000
00000000
00000000
00000000
00000000
00000000
00000000
00000000
00000000
00000000
00000000
00000000
00000000
00000000
00000000
00000000
00000000
00000000
00000000
00000000
00000000
00000000
00000000
00000000
00000000
00000000
00000000
00000000
00000000
00000000
00000000
00000000
00000000
00000000
00000000
00000000
00000000
00000000
00000000
00000000
00000000
00000000
