44447506
60000000
0000003B
00000002
30000000
20223000
20233334
33442330
20322422
33243300
00302300
00222343
00023020
00353432
30330003
02230200
00020020
00202002
20000020
34302400
00220022
20300020
03330030
33020330
02005345
40343433
03030453
20043222
02020000
20000000
45533030
03222230
00034232
30034430
00003343
44334340
44344333
43443342
32023200
33023022
22020000
22004343
02233222
20000000
0000005D
32225033
00003033
54233303
00204430
43450400
40004303
33204433
00032400
03330223
44000334
00043004
53400324
04433000
00234342
43023302
34000404
44322330
33302023
23002203
34323033
25200330
34323002
20440033
03000443
03002003
04042452
20000030
00304045
40022420
32202030
00243204
04543302
23000540
04322343
03002242
20004230
43322000
04023302
23000304
00344444
34430000
00000020
03330200
35354433
45330432
03243224
30204240
30030034
40340354
30343322
30200323
00244243
03023334
22432334
44333220
34334334
45253444
40434340
33033303
20420330
23320343
44543003
43443232
20223242
40440432
44243442
03334330
04333400
03240434
43204344
02352433
00023440
34223224
02232300
00534000
30443320
00033334
34435333
43322420
43040232
33324344
05200343
40440000
00000020
34534404
04404302
00333023
33203220
23304422
33332200
22230000
02342034
53000243
20000240
00304000
00000443
20040433
33305404
40323334
00344430
03343333
04030022
04002332
00330433
20004434
42040403
33203243
05004303
44043300
03430233
35304342
33454032
33203423
30444323
00030300
00033340
34230444
02300222
24304303
53440205
44443033
00034400
30330232
32030330
44430000
0000001E
22403433
30334330
00030222
33330434
02333030
20004304
32320002
20023344
43303320
00330402
03230300
34433302
33024230
20002223
02300003
03300333
44043544
20242333
42422332
33023335
42022024
30040040
34233343
44200002
42000303
43004323
02200033
02423303
32402033
34440344
43020303
30000332
44032224
00404203
00203033
24334344
32035353
43032004
00323033
34234434
23230000
FFFFFFFE
00000000
00000000
00000000
00000000
00000000
00000000
00000000
00000000
00000000
00000000
00000000
00000000
00000000
00000000
00000000
00000000
00000000
00000000
00000000
00000000
00000000
00000000
00000000
00000000
00000000
00000000
00000000
00000000
00000000
00000000
00000000
00000000
00000000
00000000
00000000
00000000
00000000
00000000
00000000
00000000
00000000
00000000
00000000
