40468735
50000000
FFFFFFE9
22200200
00422442
34022333
00434000
34302332
23330333
44332320
23203222
02220002
20032023
22222430
44002000
00020022
30203230
30032000
02202224
53440330
34204020
02323323
30333242
00030202
00045444
40443320
23300343
03222220
03203300
00000000
03300330
42203230
33020204
02234404
02240330
23023353
30434043
44440303
22222022
30043033
20000000
02300222
22020032
03200000
00000012
02433032
34230234
20300223
03230220
42030402
43343320
32422020
20230004
43344220
00230300
33044300
22333323
20200324
33340033
04304323
03220200
22553442
02402422
20322303
30430303
03022230
02030200
32342222
00300433
20002000
20030320
22043042
00230303
20323222
03233033
32305304
23322000
02320304
53042220
34303400
22033233
04423302
03203434
43333422
23235324
33300000
FFFFFFD5
32300002
34043033
00032233
30304543
24005023
40302555
44403002
33340343
44443020
03333334
40435540
02334344
33300000
02342330
43433300
03043323
02242402
23320402
20033324
00223220
00220023
23444233
05343302
22324423
02030445
44444403
34232330
00330333
05433203
43200220
02244344
34333343
44343300
04503302
30002220
00340042
44444444
44024023
23233042
34330200
02300000
00000020
44020334
02040345
34433033
30402230
03303223
43530344
24423432
00203323
00000030
40353440
30003034
40422203
33333044
32333443
04400300
30040300
03303004
00003443
03002403
00330300
33320334
40304404
40003224
43204550
32204340
34404433
00003444
03303433
44000004
40303000
33304442
23243332
33020300
30034443
22403020
33000433
00350405
43333022
03543440
30033003
32300000
0000002A
44335540
03304452
05350343
43423420
00003442
43344034
43354334
20040032
44330430
34203004
43433333
43302234
20450003
22442304
02302303
40030204
43350304
04343054
44423043
63003042
30432044
33203300
30332340
24343034
34423004
44043432
30030404
42030244
40343443
40404044
04443420
33344042
23230440
24324524
32332343
24003342
03334000
32033203
03233343
02030644
43400000
FFFFFFF9
00000000
00000000
00000000
00000000
00000000
00000000
00000000
00000000
00000000
00000000
00000000
00000000
00000000
00000000
00000000
00000000
00000000
00000000
00000000
00000000
00000000
00000000
00000000
00000000
00000000
00000000
00000000
00000000
00000000
00000000
00000000
00000000
00000000
00000000
00000000
00000000
00000000
00000000
00000000
00000000
00000000
00000000
00000000
