45545636
00000000
00000008
20023000
00444330
30222003
32333044
43433333
42244420
30333303
32002000
00220020
33223220
03000202
34000330
02022300
02022202
03200320
00200000
00403332
00022300
33322002
30330030
43020300
33003435
50440030
00432540
43330000
02002002
00020220
45555535
40303330
00420243
44444404
04430023
34345000
33040345
54554533
02002000
03333300
00000000
00233240
02200200
00020000
00000019
30203032
03344540
04230432
23032044
30450033
00030332
44234432
03403030
33200000
03234033
34005504
30432543
22203343
04000203
40223020
42330320
04400330
02400300
33302423
44430300
20333200
02244054
24000202
33022024
44423304
04422440
23444030
35455220
03304400
00034444
45435444
00030220
02220000
00000034
23032002
33333400
00343040
04223440
22300440
00020334
23300000
00000023
34324304
43442440
34003000
44202202
30044433
05030332
22330054
45344042
34232343
00203332
22023000
00032332
32230333
32000420
43330033
33000020
33323202
03234343
02323403
22433330
33422303
33320433
52330233
23233234
33434402
03303003
43330334
02300033
04233242
24032333
43233344
04223435
30500344
34203033
23230024
30435324
33020222
00203343
24343033
30023030
04200000
FFFFFFF8
43330300
04030300
44403030
54033302
33302324
00223430
04024324
00424233
34330030
23423323
32240040
44300002
23304420
34404424
04340423
32200432
33233334
30234034
44233023
03043300
30443433
03422003
03332433
23322200
00332203
40343300
00322430
03340003
42303023
44340443
40242323
42032550
44044333
03323023
30440002
20300300
40054344
34433334
03320030
02030242
32020000
0000001E
32232342
33332022
02302333
34303420
44440324
30330342
02204330
23023434
34220440
34404342
22332230
44000304
03322330
03043000
34233033
30323333
04032302
30223230
34335033
30442303
20442333
32200333
30434243
30030230
20220443
44444544
03420034
40000002
40020230
44323023
20242543
44040333
20002403
33034333
22332333
04340330
30404003
33343433
55432340
33423224
30220000
FFFFFFDB
00000000
00000000
00000000
00000000
00000000
00000000
00000000
00000000
00000000
00000000
00000000
00000000
00000000
00000000
00000000
00000000
00000000
00000000
00000000
00000000
00000000
00000000
00000000
00000000
00000000
00000000
00000000
00000000
00000000
00000000
00000000
00000000
00000000
00000000
00000000
00000000
00000000
00000000
00000000
00000000
00000000
00000000
00000000
