46406353
50000000
FFFFFFCC
00020022
04333340
02222020
00032233
02224022
30000444
40420000
23032202
23422220
00000000
03023220
22200002
00032023
22002303
23022000
00000004
44330234
42020020
00020002
32253320
02022002
00033034
00333033
32230232
32022300
00000000
20002000
43320002
42030022
20420333
23034044
32330233
43232432
30303245
44303333
00000200
00000000
02003200
00022200
03200000
00000000
FFFFFFDE
30230220
33303400
32430000
03403340
44342440
03433403
43400330
03000022
23422330
22402433
33300300
03342042
32202302
23220204
30233300
34234320
00332340
33003323
30333020
30243044
24033200
33242432
42000333
03003443
33000340
43043332
32323333
04244003
23344340
02443330
43330040
30043220
20402303
00030333
33233043
33303200
40304433
34233032
02333034
03002042
35230000
00000008
22200340
24034232
22422433
44004034
30333000
02220323
34442224
30422302
33232322
03233003
23230000
24334443
32402220
23003302
22202044
33423252
34303223
02303342
03033304
52334430
32333000
02302223
02023340
02022244
04020323
23303024
20023323
34003002
23544524
42204234
42330232
20343300
20033332
23340300
50444434
40022003
43200243
34304334
43004303
34343432
32030000
0000001C
00234344
33330040
30220003
30430033
20422033
30030204
33230302
02020324
50000404
02333303
02302304
40443203
44503302
30035420
03334420
34403022
03344204
03023034
33003332
44333023
40303000
03403303
30040000
00433222
30242332
23000343
43000002
03303000
43043034
04303000
44440353
03332043
05333023
44424432
03440442
20022233
32243004
03440034
43332033
00333034
30440000
FFFFFFF4
40322302
43230000
44423324
32222034
43004202
33023002
43223320
02000324
43203204
42442423
42044023
30323004
22003330
20220320
30033033
33203444
02030334
33223330
04302304
43443024
22040233
24424434
32234400
00032434
43544323
30440340
30302433
44044234
24204024
32442220
02345320
33343430
23202040
03323333
04330222
44433342
20220222
04422222
40233220
44420044
43200000
0000001A
00000000
00000000
00000000
00000000
00000000
00000000
00000000
00000000
00000000
00000000
00000000
00000000
00000000
00000000
00000000
00000000
00000000
00000000
00000000
00000000
00000000
00000000
00000000
00000000
00000000
00000000
00000000
00000000
00000000
00000000
00000000
00000000
00000000
00000000
00000000
00000000
00000000
00000000
00000000
00000000
00000000
00000000
00000000
