34444454
30000000
00000001
20000202
04042403
22020020
03002403
32032023
20323200
20220320
00020000
00202002
23032022
04242404
03000020
30200000
00003222
30203000
20220034
33453503
22302000
04434230
23020433
04020203
20054053
55540443
32433030
23320200
00030232
23000020
44505444
23303320
03220433
33205352
40440020
20222440
33040323
34330440
00220030
00303303
00000000
00300322
33000020
00020000
0000000E
20424434
33300330
33033003
40223304
43002443
43003344
45402205
43530042
32032222
05445330
30333330
03240440
02203003
30000003
44200003
34023002
04542000
30343000
00304400
00334404
00320220
00034435
43333330
32434322
20300225
43540002
43030333
00303400
20330332
02344443
33204000
00033332
33043043
44400000
04434303
30333303
00003000
03300030
02003330
04030323
22030000
00000018
20030034
32402432
44003232
00032300
22324035
50042404
33302423
34424300
00332324
42344254
40203202
40022233
23004320
30302303
32204244
22320003
33000430
43434323
03333034
33320302
40232200
32303044
24422433
44304440
04333244
43333320
32333033
34044300
42030232
33303324
02032343
43233444
42020033
43430400
23200024
34454044
33222032
02232004
32203024
43420222
32300000
00000002
02234004
33543304
00203203
23433304
54432342
00020432
35530202
30222232
44300330
00020202
03344223
54000430
23030203
43022004
33034344
23403223
22022303
44344332
03230202
32004434
40323332
52433030
43330343
32323002
44324033
44022432
03233330
22203400
02322043
04330035
22433045
33442340
24033020
03422233
24423300
44224240
23230343
02000223
20344302
22430040
00230000
00000000
43342220
02340323
44244333
43454030
05444253
35004034
03232043
03403234
43333434
35634044
42003243
02402304
00002242
24302303
33004000
30040354
03404233
04202022
30300200
00434444
34003404
03303003
33450403
34443440
44200343
34443403
40233332
04303430
03344000
40344340
24333003
43302240
32030004
23044023
40244204
55204233
53440433
24433332
33322200
33042303
42330000
00000002
00000000
00000000
00000000
00000000
00000000
00000000
00000000
00000000
00000000
00000000
00000000
00000000
00000000
00000000
00000000
00000000
00000000
00000000
00000000
00000000
00000000
00000000
00000000
00000000
00000000
00000000
00000000
00000000
00000000
00000000
00000000
00000000
00000000
00000000
00000000
00000000
00000000
00000000
00000000
00000000
00000000
00000000
00000000
