33543543
30000000
FFFFFFBD
00200200
23223044
02220023
30223040
42400334
23302330
20200203
00032200
32203200
30020022
03033323
33330333
20402220
03202300
32000002
00033044
30554040
02002202
40220230
23043300
33203033
20255005
65452034
20030323
04042420
30030200
20000020
05044504
40020000
00424000
33234044
44334022
42233432
43333424
03330002
00320200
23303002
32200020
00232303
23302000
30200000
00000011
22043344
30030000
00035424
00024503
42034003
33323043
43400300
30430304
00200233
02234020
20030000
03233330
00030320
43230302
30232533
42433003
40332243
43004032
02332332
34040022
03333333
20234540
42320020
00033432
44333304
43042002
02333000
00000030
03333442
44030323
43000000
00003440
02222403
23332233
34432430
00242240
00402003
20203203
30002003
32022020
24020000
00000000
44344444
32033230
44444344
03203030
34224304
30222043
04340302
30030005
54044420
42040032
24300343
30344033
02233330
33430220
20023333
03330032
22420003
33344332
44332443
04330022
00200000
20034403
33230003
33443033
22043322
30334332
44233220
20033534
44323002
00202320
34445433
43033000
00202000
33440303
34304000
24034003
00003402
03304330
22222453
23020030
20230000
00000026
42300000
04334030
02044303
00024342
44404302
20023203
22333430
00303044
00230433
43443303
33004434
32200404
30442232
03204044
04440334
33000030
22002003
24334304
44033033
04333234
20304400
30334020
30033343
22330000
34234344
25333333
44333324
53030433
32342320
00003020
04340440
40044333
34033322
33002423
00200234
34033420
43432333
44424330
02022003
32303430
30430000
FFFFFFFF
24234000
02033420
22020002
33030203
33324423
42230000
42225330
23302003
00323323
32432330
22442443
33202430
23304434
43442204
40540023
22444333
24033020
00032302
33320422
22002320
00202020
02330043
20242302
30033432
22333200
30332032
32320303
02322333
43040243
34404003
40322023
24202220
24204202
20033020
20200302
30232234
02034223
22230203
23220200
33320220
02200000
0000000C
00000000
00000000
00000000
00000000
00000000
00000000
00000000
00000000
00000000
00000000
00000000
00000000
00000000
00000000
00000000
00000000
00000000
00000000
00000000
00000000
00000000
00000000
00000000
00000000
00000000
00000000
00000000
00000000
00000000
00000000
00000000
00000000
00000000
00000000
00000000
00000000
00000000
00000000
00000000
00000000
00000000
00000000
00000000
