23244324
33330432
32242035
23254424
30333232
33202553
02042300
33420230
22022322
04430042
02334034
43045323
04423542
34434443
44423023
23330333
04340544
05540550
40244344
54434430
32202230
32434544
02023433
43000033
30244430
32003444
42233200
33320000
30002200
33300330
34440333
33320003
33430200
40343004
03422332
04400440
23230020
00200200
40424343
43033004
24324202
00200443
04420233
03030332
02553055
02443223
22344020
30002000
02224444
44430022
03330433
43334343
20002432
03332220
33320442
02023434
20233344
00003033
44025420
43302200
02200024
23040324
34434554
02303022
30003202
44433443
32230032
00322003
00440044
02323333
00203443
35540440
00000026
32332003
20203334
44433003
02040023
44432024
23033223
32023232
32300232
03302432
34200443
00033303
44034430
03022202
20000330
44430233
20320020
30203222
00023233
40340432
03323203
04530452
24402000
03423443
04432033
02342233
02300333
30322443
43202200
23300000
02200000
00033233
20300002
23222300
22400444
03000440
25430443
30000322
03203032
03300332
44443440
33234555
56653555
02302233
22320000
32323243
03233222
43243232
30223223
00200330
24303322
00200343
40432344
20200340
03420330
03332433
03322332
24422443
24322022
02234334
00030002
43004400
45433434
22300022
30033433
02200220
02333224
22223453
45545555
43004330
30300300
34323322
22322330
FFFFFFDC
33202440
33333004
54435334
33342300
40043443
43433323
33032443
24430230
02440233
32333300
03422333
23030200
44223553
45543443
03334353
45640553
23033322
33333000
02332432
23400332
04403442
04400003
04420340
03233333
42043440
34302032
55545552
56600550
03320430
03302020
33240220
22332023
33343204
32340323
00000034
24343244
33433020
32233020
23203443
34430230
22323002
03302000
02302333
33320333
40233043
02234230
00022422
33222322
00000032
00300222
22330003
00030204
23302003
32300030
03423343
20202320
32342233
32034334
44425653
45432333
33433330
20002020
04333334
30044553
20003200
40023443
20223232
33303433
04540565
04540002
03030033
04420203
FFFFFFCB
03320443
00300440
23022032
22030203
33030443
02230202
33423333
40222020
30222002
22002340
00000002
20020200
23320333
00223202
03224330
32324220
40332202
24202300
03003320
00002230
20002233
00230023
03003003
23332000
44444002
03024003
33232322
03332020
23323443
24400202
33440000
03302202
03433444
42040023
03402333
34400320
02203330
33303002
24400440
23000220
23320000
02220000
34434443
22220320
33034400
22203043
33230333
04420222
03304554
45543333
03230230
30302000
00020022
02002230
45555665
45553333
33004444
23440340
22002300
04302230
34003430
32302300
02333303
30033333
34430342
00204000
43340000
23300332
02030030
03400300
34330003
04430000
00000008
03223204
00030030
03322002
30233330
30223002
42044444
03200030
22030342
34324443
24432020
34434552
35440303
00333033
00002002
02023340
32423022
43343032
34402342
30032003
33340332
33422442
00203322
03322300
23334434
20223023
00333223
30020002
22220223
30233223
33320200
22340443
03322002
23324444
23320332
44430300
23302330
32324430
04003023
33322332
30203003
33330000
20232233
55555665
56644432
23222343
30203230
02022343
34533443
02223443
03330200
22300002
23332330
23323665
46654554
22002334
20020322
02322430
24420222
34323200
33000302
33203420
34330000
00022034
20022330
05540554
04440000
00000430
24433343
02004020
32302000
00024343
44544344
00000002
44444440
33400300
23303034
00434020
20032443
04420333
23230442
03422004
03220333
03432444
20200020
00020002
23003333
24440222
20320030
00003003
43222432
03320000
00003203
03033202
44433443
03303203
30020302
00220340
34443343
33320330
33300230
03300202
56656665
56642440
03000232
23303220
33343444
20330432
20242443
04300022
23320303
22203330
42334334
33442202
30232333
32332203
22202002
00202332
42020232
00323020
43233202
00003032
34403442
45422432
00303034
40333323
20030230
20223003
34430432
00020333
03333333
33404440
33032404
34333230
34004303
33042224
22332322
24420340
20303322
32000333
42340000
34320330
23204200
33003200
33342443
05503443
FFFFFFE5
34433303
43343034
02300323
33033220
44032034
22430000
20003230
33200032
03442344
23424402
34023234
23040303
00220220
34432232
02233303
43034343
33203220
40032023
23000223
33244344
04420303
30032443
03543565
05543032
02003023
44043004
03330223
00220032
03330330
33320000
00320660
46600440
03303442
23323200
23402243
03203000
00330332
00332200
44433432
33332002
02002300
30200220
03322432
24400000
20220303
02300344
20033023
34442432
22222300
20020020
33033244
34534442
00020332
23333223
03003300
23324334
32200202
32003332
33004400
32220230
55305542
45423203
22003333
22230440
02023233
32340434
33330340
04420330
23403043
32323320
33223233
32322240
0000000C
00203204
44443332
33040234
40342004
24444554
44402034
05503665
36642443
55305543
55533403
44304432
22020320
03042432
34003300
43303234
32334333
40343443
44330220
33034232
43030332
32322002
33034444
00033343
44444224
04303002
40043332
32330000
00303033
34324443
34400330
23303442
34333023
02330223
40340450
23243300
42032320
30200022
04002420
30300003
30240200
02023433
44330000
33332003
20030330
44204532
22232233
43444554
46554554
00030002
00022020
32033354
23422032
00022440
04400020
03330233
02204203
45553555
24432202
32330044
00240234
44024330
22200220
03033020
24423004
23332433
33204333
33434344
44433330
22302303
30022200
03330302
00022033
FFFFFFEE
40243453
34444344
33333023
43444444
34433334
34453344
03422442
44433333
02020203
02032430
23434543
45454424
23033432
23200223
34540032
24323444
33344444
44444004
02000303
30232233
23302440
34430442
34430342
23323220
23204332
30243200
23332343
23320323
22223022
23000000
22303443
34432332
03440000
34543554
44444033
04233023
45425650
56503543
04300302
00030333
22233333
22332443
33333333
00332440
32020320
40334423
42240330
23402330
03300340
33400003
03442245
33454454
32032332
02330332
33323423
23322432
02202330
22332200
00200344
33432003
33204002
42000202
33000233
34443222
33023334
20203230
43032330
44333443
33023302
32322320
20030204
03232333
00000027
33042443
00033044
44344033
32243333
43342000
33443203
00200440
03300020
20203044
20432444
03302322
34302003
03230000
03000002
30220332
24403230
34340332
33440022
40030453
45544553
33433443
34402200
42434344
33442232
44332550
05523033
04320330
02220222
22220002
30002230
22302222
02230220
03202002
02303000
34342444
43043303
03030030
02230320
35434554
45540330
03304442
44332202
23223232
22020330
40224303
33320033
32030002
04440340
03303433
34400320
33440242
00003303
33320000
04300340
30000000
20202202
34334333
20202330
20203344
23033443
00322323
34302330
02423342
34344334
24433332
32332444
30244543
55554554
20304342
43000032
03320230
20020022
00000020
00000000
00000000
00000000
00000000
00000000
00000000
00000000
00000000
00000000
00000000
00000000
00000000
00000000
00000000
00000000
00000000
00000000
00000000
00000000
00000000
00000000
00000000
00000000
00000000
00000000
00000000
00000000
00000000
00000000
00000000
00000000
00000000
00000000
00000000
00000000
00000000
00000000
00000000
00000000
00000000
00000000
00000000
00000000
00000000
00000000
00000000
00000000
00000000
00000000
00000000
00000000
00000000
00000000
00000000
00000000
00000000
00000000
00000000
00000000
00000000
00000000
00000000
00000000
00000000
00000000
00000000
00000000
00000000
00000000
00000000
00000000
00000000
00000000
00000000
00000000
00000000
00000000
00000000
00000000
00000000
00000000
00000000
00000000
00000000
00000000
00000000
00000000
00000000
00000000
00000000
00000000
00000000
00000000
00000000
00000000
00000000
00000000
00000000
00000000
00000000
00000000
00000000
00000000
00000000
00000000
00000000
00000000
00000000
00000000
00000000
00000000
00000000
00000000
00000000
00000000
00000000
00000000
00000000
00000000
00000000
00000000
00000000
00000000
00000000
00000000
00000000
00000000
00000000
00000000
00000000
00000000
00000000
00000000
00000000
00000000
00000000
00000000
00000000
00000000
00000000
00000000
00000000
00000000
00000000
00000000
00000000
00000000
00000000
00000000
00000000
00000000
00000000
00000000
00000000
00000000
00000000
00000000
00000000
00000000
00000000
00000000
00000000
00000000
00000000
00000000
00000000
00000000
00000000
00000000
00000000
00000000
00000000
00000000
00000000
00000000
00000000
00000000
00000000
00000000
00000000
00000000
00000000
00000000
00000000
00000000
00000000
00000000
00000000
00000000
00000000
00000000
00000000
00000000
00000000
00000000
00000000
00000000
00000000
00000000
00000000
00000000
00000000
00000000
00000000
00000000
00000000
00000000
00000000
00000000
00000000
00000000
00000000
00000000
00000000
00000000
00000000
00000000
00000000
00000000
00000000
00000000
00000000
00000000
00000000
00000000
00000000
00000000
00000000
00000000
00000000
00000000
00000000
00000000
00000000
00000000
00000000
00000000
00000000
00000000
00000000
00000000
00000000
00000000
00000000
00000000
00000000
00000000
00000000
00000000
00000000
00000000
00000000
00000000
00000000
00000000
00000000
00000000
00000000
00000000
00000000
00000000
00000000
00000000
00000000
00000000
00000000
00000000
00000000
00000000
00000000
00000000
00000000
00000000
00000000
00000000
00000000
00000000
00000000
00000000
00000000
00000000
00000000
00000000
00000000
00000000
00000000
00000000
00000000
00000000
00000000
00000000
00000000
00000000
00000000
