E4
38
31
AB
BF
FE
0E
33
22
0F
18
14
70
00
38
3F
D4
3F
67
13
38
EE
B8
F0
44
02
30
00
86
6E
88
14
61
76
0A
F0
03
7F
40
0A
70
00
06
B1
85
84
60
08
5E
0C
F0
1C
E5
FF
E0
00
71
C1
4E
39
FC
81
B9
62
08
F0
00
1D
00
00
AC
42
23
C3
10
08
C1
BD
BA
1C
9F
F7
80
00
73
F4
08
7D
98
EE
01
B4
63
80
09
F5
F0
00
18
19
DF
80
03
21
BC
06
D1
EE
E4
05
00
00
88
86
01
81
CC
EF
C3
48
07
06
73
CE
C0
00
C4
00
73
43
99
8D
C2
14
7C
EF
33
38
C0
00
00
00
00
00
00
00
00
00
00
00
00
00
00
00
00
00
00
00
00
00
00
00
00
00
00
00
00
00
00
00
00
00
00
00
00
00
00
00
00
00
00
00
00
00
00
00
00
00
00
00
00
00
00
00
00
00
00
00
00
00
00
00
00
00
00
00
00
00
00
00
00
00
00
00
00
00
00
00
00
00
00
00
00
00
00
00
00
00
00
00
00
00
00
00
00
00
00
00
00
00
00
00
00
00
00
00
00
00
00
00
00
00
00
00
00
00
