24423323
44212133
03520543
42214031
30344134
54322420
44232124
21233324
34333122
14233444
03022214
31024330
02330000
00000006
23332302
23254133
52420334
42343121
02434443
44144522
33443252
33343241
21444140
21313542
03230230
43223533
44330000
0000001E
13343542
03113430
20012244
22412444
32554303
32225423
04002040
42314420
34440022
42132343
03331011
03302224
22540000
00000015
32324240
21552302
34234103
30243344
31444220
34404233
04221320
23314443
44310003
43423302
35134403
41123233
44230000
FFFFFFDD
02332333
33342121
52203441
30123003
35343100
13304402
44142152
03344342
21102000
44333442
15543020
03034423
23400000
FFFFFFD7
22204330
04233323
12234421
31032343
04522145
44102343
15001224
20335314
42212014
44422224
23055341
34232123
10330000
00000000
14330134
33313241
13221444
03443405
33545043
35333340
43021003
13140141
33224244
30423523
24314433
34333232
32220000
0000001B
24333432
10033034
13225543
32430444
43344423
44224333
22423300
22340240
22143242
44501420
43404425
02253321
44400000
FFFFFFEC
30203313
13454133
30302134
30220322
31403401
14422542
34324031
22423334
13513344
22434110
34423233
33303242
31130000
FFFFFFE8
23422330
22440100
44321053
33034232
31142032
53434342
34443343
33333422
24314324
41433444
33420424
33324242
21310000
00000026
00000000
00000000
00000000
00000000
00000000
00000000
00000000
00000000
00000000
00000000
00000000
00000000
00000000
00000000
00000000
00000000
00000000
00000000
00000000
00000000
00000000
00000000
00000000
00000000
00000000
00000000
00000000
00000000
00000000
00000000
00000000
00000000
00000000
00000000
00000000
00000000
00000000
00000000
00000000
00000000
00000000
00000000
00000000
00000000
00000000
00000000
00000000
00000000
00000000
00000000
00000000
00000000
00000000
00000000
00000000
00000000
00000000
00000000
00000000
00000000
00000000
00000000
00000000
00000000
00000000
00000000
00000000
00000000
00000000
00000000
00000000
00000000
00000000
00000000
00000000
00000000
00000000
00000000
00000000
00000000
00000000
00000000
00000000
00000000
00000000
00000000
00000000
00000000
00000000
00000000
00000000
00000000
00000000
00000000
00000000
00000000
00000000
00000000
00000000
00000000
00000000
00000000
00000000
00000000
00000000
00000000
00000000
00000000
00000000
00000000
00000000
00000000
00000000
00000000
00000000
00000000
