44664645
64664346
47045454
74554466
45560000
000000C4
26573642
54555634
37444556
63455743
75430000
FFFFFF9F
53343576
54576357
35455767
53635444
74560000
FFFFFF80
63765545
64630556
56363744
47406665
45660000
FFFFFECB
54463675
64456656
66336555
76246734
56040000
00000005
52434302
53564573
55662557
56556545
65360000
0000006B
34660753
55775355
57463747
74437047
55660000
FFFFFF8E
35666655
62557445
55356667
64325454
44760000
000000AD
65565476
63426476
65544034
46764455
46460000
00000047
33464565
63606465
56567655
66765666
66360000
00000077
00000000
00000000
00000000
00000000
