55666354
75533650
75545654
55644453
73550000
00000049
52466654
67465667
65545565
45656344
56650000
0000003E
66645566
65646565
47753256
76350424
64570000
FFFFFF82
65455332
25653556
63767554
64605536
56360000
00000068
45645455
63776665
67366266
40536642
66640000
00000057
57754455
63465554
46657334
65636744
47660000
FFFFFF97
55502550
54663766
55467656
46566666
64640000
FFFFFFAC
24445357
65503665
63437566
56343444
57550000
00000080
56352636
65533365
64743555
77653245
63350000
FFFFFF91
52636443
54364645
65766234
66463654
65560000
FFFFFFCB
00000000
00000000
00000000
00000000
