46545266
60000000
FFFFFFEF
02423433
35342440
04433340
04305445
44463330
34005333
42030344
54550455
54243435
04000004
35534500
50000020
00040504
55535554
55235464
35534600
00000203
45405534
44505532
60644450
45054354
32663404
55453320
22223050
45550543
42353456
50402400
50044244
30203334
24000000
00000026
34423523
52422340
20434420
44044443
56424555
40544444
43302450
23434423
30334343
00443440
44405225
34456354
40445354
35544453
34333434
45455334
45544443
42232444
23520023
45450045
44535440
50434523
43444355
24335346
25440552
04324545
42255505
34520440
45035055
44000000
0000000B
43445035
42200043
24453034
35534255
02345452
42054405
45405454
32445353
35335320
50004525
53433534
44353402
45344233
50444330
33433330
24332354
24433244
02034335
44234545
54403440
45255564
56543324
34325235
02344443
04335000
43245355
30244045
23300404
05433444
54000000
0000002C
43334450
43433343
45303344
44534332
33546405
04523403
54252323
42223245
03452444
43353305
45544343
54444543
54045444
34443424
34233324
02342242
44452452
30453404
53533523
43340253
55430054
34544455
24565534
43320522
33303434
54554505
55344554
45230303
25443434
33000000
00000008
23445535
45544540
52353345
55400302
33545442
34532352
23444323
42333502
52334342
42345543
44223333
04453443
55430452
32053005
23242440
05502453
33504335
33324554
33322255
44332535
54443344
40444232
22044332
40000040
33303434
43444433
33203550
43034033
34024223
44000000
FFFFFFE5
00000000
00000000
00000000
00000000
00000000
00000000
00000000
00000000
00000000
00000000
00000000
00000000
00000000
00000000
00000000
00000000
00000000
00000000
00000000
00000000
00000000
00000000
00000000
00000000
00000000
00000000
00000000
00000000
00000000
00000000
00000000
00000000
00000000
00000000
00000000
00000000
00000000
00000000
00000000
00000000
00000000
00000000
00000000
00000000
00000000
00000000
00000000
00000000
00000000
00000000
00000000
00000000
00000000
00000000
00000000
00000000
00000000
00000000
00000000
00000000
00000000
00000000
00000000
00000000
00000000
00000000
00000000
00000000
00000000
00000000
00000000
00000000
00000000
00000000
00000000
00000000
00000000
00000000
00000000
00000000
00000000
00000000
00000000
00000000
00000000
00000000
00000000
00000000
00000000
00000000
00000000
00000000
00000000
00000000
00000000
00000000
00000000
00000000
