56764676
30000000
0000001C
23422423
55653304
34524343
42205400
24332342
42443444
44430520
43433053
55404535
43233243
44242342
35000000
00054044
05430344
53404544
43354530
24324334
42323545
44230254
44304305
34435333
45654054
45543330
03334565
44500644
40234444
23334334
00000020
40442042
33000000
0000003D
45445436
55443230
45434233
33460342
24354442
02444443
42433234
45023054
60454545
03200434
34430533
54554044
54652423
02552534
44435655
43346444
63244554
34054455
40544364
34343355
44534243
05533625
34462030
04233254
50433545
50405605
60042454
44335345
45445455
52000000
00000031
44550024
02033244
52034432
44320532
54552323
35233545
40234505
22522440
33455303
56323436
43343056
44042545
44443454
45345043
33254434
33443554
25335333
55523345
40444462
42544332
43256432
25544444
23345005
04246022
50543505
42533544
55505425
45620555
52444545
35000000
FFFFFFF8
00022343
34003034
03332453
54533304
23022040
25030535
45403443
05334453
33333202
04433040
23033023
24443530
54304220
03404324
33545022
00200244
33044030
03403403
54454454
25534555
55434000
02422350
24335545
43535402
04440354
45505533
03423533
42344355
40330300
20000000
000000E1
43320240
43053244
44240342
40424440
30220440
45244402
40240240
04240304
54400443
34322054
44004334
43230334
22034443
23044420
33434000
43040402
04202435
22434445
52043333
44443434
53024230
34044203
33243053
42524224
22433404
44533440
43333433
40044253
24022344
44000000
0000000D
00000000
00000000
00000000
00000000
00000000
00000000
00000000
00000000
00000000
00000000
00000000
00000000
00000000
00000000
00000000
00000000
00000000
00000000
00000000
00000000
00000000
00000000
00000000
00000000
00000000
00000000
00000000
00000000
00000000
00000000
00000000
00000000
00000000
00000000
00000000
00000000
00000000
00000000
00000000
00000000
00000000
00000000
00000000
00000000
00000000
00000000
00000000
00000000
00000000
00000000
00000000
00000000
00000000
00000000
00000000
00000000
00000000
00000000
00000000
00000000
00000000
00000000
00000000
00000000
00000000
00000000
00000000
00000000
00000000
00000000
00000000
00000000
00000000
00000000
00000000
00000000
00000000
00000000
00000000
00000000
00000000
00000000
00000000
00000000
00000000
00000000
00000000
00000000
00000000
00000000
00000000
00000000
00000000
00000000
00000000
00000000
00000000
00000000
