47875677
60000000
FFFFFFCD
54340202
35433002
05435224
40463553
25345203
00200424
40433454
44054344
34544544
44442232
33044333
03200000
00064034
05435454
25333555
43535500
00003035
34432344
44342353
43534250
54535625
54445450
05453332
00033545
44554444
03245020
04322230
42345525
46402335
34000000
FFFFFFCB
34305454
55502504
34354353
20440335
00434654
54534353
42362433
53302322
23444454
20443450
20553244
54344035
44544552
55333052
44434255
02354536
53444254
43553254
42040304
45450444
45522430
54045545
04355034
33332544
23344436
42445535
53454440
46555443
45432445
44000000
00000031
44003450
55224034
04450400
35556452
42345403
20443544
35044344
44353222
35053024
50430405
35550544
53623043
42244444
33344450
03434204
34334332
40343043
24444433
44355342
05545524
35440233
34343320
43434320
55555434
52344322
40420045
53305333
44433332
44044354
40000000
00000004
24303245
40335344
00403302
30255353
03302533
53042444
05243030
30054552
44024432
03444334
24440003
04440550
55453444
35645342
40203532
20032303
33343244
34204230
40344350
54340223
02543544
35043200
43334233
23302204
44502324
53030035
52222542
45345545
44044002
03000000
000000B0
53552022
44464043
35255403
43204340
54005430
03420024
00444233
03453223
34405254
50334054
52354234
24035434
34054404
32023254
05425505
43344340
55335424
23444324
43242442
33052005
33304434
25550442
34435053
04035424
40243245
34030034
25335435
32440435
53004244
34000000
FFFFFFFF
00000000
00000000
00000000
00000000
00000000
00000000
00000000
00000000
00000000
00000000
00000000
00000000
00000000
00000000
00000000
00000000
00000000
00000000
00000000
00000000
00000000
00000000
00000000
00000000
00000000
00000000
00000000
00000000
00000000
00000000
00000000
00000000
00000000
00000000
00000000
00000000
00000000
00000000
00000000
00000000
00000000
00000000
00000000
00000000
00000000
00000000
00000000
00000000
00000000
00000000
00000000
00000000
00000000
00000000
00000000
00000000
00000000
00000000
00000000
00000000
00000000
00000000
00000000
00000000
00000000
00000000
00000000
00000000
00000000
00000000
00000000
00000000
00000000
00000000
00000000
00000000
00000000
00000000
00000000
00000000
00000000
00000000
00000000
00000000
00000000
00000000
00000000
00000000
00000000
00000000
00000000
00000000
00000000
00000000
00000000
00000000
00000000
00000000
