47763676
00000000
FFFFFFD7
33200003
30202020
55234200
22045454
44450433
20000302
30230244
43420454
44424535
04454340
03233224
33000000
00053233
44434454
40034542
43355520
00023323
30432243
44445544
45425224
54455322
53355655
43452002
00323320
04452433
40333443
43334005
20054302
23230000
23000000
0000003F
44535524
63452545
46445333
43534535
34552265
52446435
55540354
53454344
55534340
35454443
25453442
34555244
32224630
54453653
55455004
43543504
62064363
44554343
40504543
50464543
55235543
24555556
44554445
44204033
55324453
64464550
55055444
32223243
43565650
55000000
00000008
54350455
40400035
64456454
04546550
34424404
35044465
40345420
55435543
43205404
00554545
43444442
24402334
55545355
53223454
05435352
50555555
52553420
43434400
34234440
34440445
30525425
34350455
36544045
44033432
30004455
35545354
52456052
22255344
35005444
44000000
00000024
45334433
26503224
33545235
42456504
34045545
50423444
45245402
30032234
34444332
42555544
52004345
44402543
44354340
23455034
54340555
45443333
44443544
04445033
24222444
45330234
34553330
54340403
42030420
02554023
35446540
33244544
43430454
34353244
32323443
32000000
FFFFFFF8
20444344
44234044
30424334
04454544
45445434
32304424
45045244
55424450
34402344
04554552
22355335
04443344
43022452
03344244
20343223
33433334
50242452
44345424
23302434
44324444
25020203
02344350
45042240
32434205
54434332
53033043
40424444
40333032
32050244
24000000
FFFFFFFF
00000000
00000000
00000000
00000000
00000000
00000000
00000000
00000000
00000000
00000000
00000000
00000000
00000000
00000000
00000000
00000000
00000000
00000000
00000000
00000000
00000000
00000000
00000000
00000000
00000000
00000000
00000000
00000000
00000000
00000000
00000000
00000000
00000000
00000000
00000000
00000000
00000000
00000000
00000000
00000000
00000000
00000000
00000000
00000000
00000000
00000000
00000000
00000000
00000000
00000000
00000000
00000000
00000000
00000000
00000000
00000000
00000000
00000000
00000000
00000000
00000000
00000000
00000000
00000000
00000000
00000000
00000000
00000000
00000000
00000000
00000000
00000000
00000000
00000000
00000000
00000000
00000000
00000000
00000000
00000000
00000000
00000000
00000000
00000000
00000000
00000000
00000000
00000000
00000000
00000000
00000000
00000000
00000000
00000000
00000000
00000000
00000000
00000000
