77766448
80000000
0000001B
00303000
43203004
43342440
35535424
35304433
24005232
03003033
35344433
43040422
24404343
40400402
53000000
00000300
33444345
44444556
56566000
02002203
55254454
34434240
53565555
54055542
56556355
06050322
32232434
30324324
20434353
64353043
44545520
23333243
34000000
00000050
55442043
64542055
55445533
63453454
55343445
43540545
34240554
53245445
55363005
24430433
33352404
55424044
63533535
45354425
03533024
46433654
35023235
34505554
52440425
34454035
34504050
20442323
22022243
05332334
44435344
32246545
35553263
54433305
25450346
25000000
FFFFFFF7
03345430
45354445
24430422
64505545
45235455
45244320
45545343
04222340
55325445
45435046
54420404
40554425
42344425
45303432
03035445
30034655
53420323
33043552
54325343
54343554
43445403
45555330
24553424
25640544
30425422
40440405
33430352
30535534
24362254
40000000
FFFFFFE3
45434224
42443404
43444445
35542323
24033434
23044542
02444343
23444335
05342404
34455454
43432023
45543545
42434034
44534506
53544453
43456434
04435533
35534443
33355343
54240445
54354540
05424302
53343444
40522300
44555433
44544333
33403455
53543234
44434300
55000000
00000007
42402300
00453344
02433302
43330245
44550330
43333434
32053543
24033023
02452052
20000054
33444343
56445334
34233332
30342333
24220330
33230233
04250534
05342534
32000020
46424444
04335054
43422233
23442343
30330033
30334300
30442323
34040334
30334354
42300432
54000000
FFFFFFB5
00000000
00000000
00000000
00000000
00000000
00000000
00000000
00000000
00000000
00000000
00000000
00000000
00000000
00000000
00000000
00000000
00000000
00000000
00000000
00000000
00000000
00000000
00000000
00000000
00000000
00000000
00000000
00000000
00000000
00000000
00000000
00000000
00000000
00000000
00000000
00000000
00000000
00000000
00000000
00000000
00000000
00000000
00000000
00000000
00000000
00000000
00000000
00000000
00000000
00000000
00000000
00000000
00000000
00000000
00000000
00000000
00000000
00000000
00000000
00000000
00000000
00000000
00000000
00000000
00000000
00000000
00000000
00000000
00000000
00000000
00000000
00000000
00000000
00000000
00000000
00000000
00000000
00000000
00000000
00000000
00000000
00000000
00000000
00000000
00000000
00000000
00000000
00000000
00000000
00000000
00000000
00000000
00000000
00000000
00000000
00000000
00000000
00000000
