77740477
70000000
FFFFFFAB
04433320
03002022
00443000
30344333
30023303
30402032
32033222
43240023
44032430
33220043
00453432
30000000
00035543
50340333
34223456
44444420
02222202
32330324
34432330
43555444
35343002
54333644
50050220
00000335
44444333
43032032
45335002
30020044
30352233
03000000
FFFFFFA7
46503345
24442443
44555343
54022403
25530553
54550424
55400254
52225342
50335443
42554443
25035424
00405344
55435452
05335353
40543442
02333055
60035034
22422422
35504346
46305403
45433330
23034342
25435556
05564204
33344553
05340553
33304443
33255545
43434444
52000000
00000004
33524424
44020454
44545346
02302454
04554324
20443442
45455404
44032303
30434035
46444024
54404534
54533555
45433040
34543540
32443433
03224323
34022243
45402442
23424324
42052434
54023220
34204444
03433404
53543423
54254533
53450344
45254033
24434333
55345435
20000000
00000014
45243553
45344445
04444553
55320242
43444554
33422523
22323343
35545034
55224433
03344332
25300322
35454330
04345235
42550220
54440363
06336524
24404434
00244033
44223323
34330033
23354543
55444242
50333322
42453553
40434344
00344302
50024543
02323533
23403543
54000000
00000050
22242443
43565444
25525453
24540404
44040030
04335424
00454450
04335044
44422433
34554243
45344005
55534223
53434302
34445340
23334304
04343502
22444244
25500245
44333302
34244233
45323004
00245302
35003542
30534422
24360434
43454550
30323522
45532443
52043240
32000000
00000016
00000000
00000000
00000000
00000000
00000000
00000000
00000000
00000000
00000000
00000000
00000000
00000000
00000000
00000000
00000000
00000000
00000000
00000000
00000000
00000000
00000000
00000000
00000000
00000000
00000000
00000000
00000000
00000000
00000000
00000000
00000000
00000000
00000000
00000000
00000000
00000000
00000000
00000000
00000000
00000000
00000000
00000000
00000000
00000000
00000000
00000000
00000000
00000000
00000000
00000000
00000000
00000000
00000000
00000000
00000000
00000000
00000000
00000000
00000000
00000000
00000000
00000000
00000000
00000000
00000000
00000000
00000000
00000000
00000000
00000000
00000000
00000000
00000000
00000000
00000000
00000000
00000000
00000000
00000000
00000000
00000000
00000000
00000000
00000000
00000000
00000000
00000000
00000000
00000000
00000000
00000000
00000000
00000000
00000000
00000000
00000000
00000000
00000000
