22020003
20000000
FFFFFFF4
20220032
44565440
02502533
42035542
05545324
44042000
32333330
40443243
44452455
33033340
33554340
32000000
00034543
53400253
44405665
33366503
34323005
42443244
42440353
45553425
54545535
34553632
54353302
32202456
45554540
24004342
23043240
20033302
22433424
24000000
00000023
33440043
04304450
42454426
05453444
25254334
35445554
55344355
05404540
40544043
33244254
05504005
03503344
53205454
05545535
22544552
00055554
45525560
36304544
54444043
35423306
30534534
44233332
45335534
34553332
30024354
20345545
55342433
23362354
34420445
43000000
0000001F
44443545
35425335
43554502
43445500
46344440
34502255
43053503
54544440
43225235
44634633
65424034
44444235
34332530
45455345
20555420
04442525
54555644
45345355
04425033
45005244
34525440
32555433
05455304
33443443
45335650
20424242
44423543
50450442
52054403
55000000
00000000
52445423
54434320
35340342
33046553
03343224
42333445
52440442
32452033
53232054
54442544
05443455
54554343
54533355
43424452
44343345
40454434
44444335
44434456
43244353
44053400
43443234
00552434
63026524
35455435
44534402
34240022
43434405
32532443
53434345
53000000
FFFFFFED
44400334
30230333
20054304
54053433
03254200
24204542
34330300
45345045
34404036
45533322
54343344
02434023
33550420
34343343
44024345
00445420
45304034
03335422
04432044
34253234
44244324
24430502
34024440
54443404
52044433
50030343
03234005
20434333
43343335
35000000
00000000
00000000
00000000
00000000
00000000
00000000
00000000
00000000
00000000
00000000
00000000
00000000
00000000
00000000
00000000
00000000
00000000
00000000
00000000
00000000
00000000
00000000
00000000
00000000
00000000
00000000
00000000
00000000
00000000
00000000
00000000
00000000
00000000
00000000
00000000
00000000
00000000
00000000
00000000
00000000
00000000
00000000
00000000
00000000
00000000
00000000
00000000
00000000
00000000
00000000
00000000
00000000
00000000
00000000
00000000
00000000
00000000
00000000
00000000
00000000
00000000
00000000
00000000
00000000
00000000
00000000
00000000
00000000
00000000
00000000
00000000
00000000
00000000
00000000
00000000
00000000
00000000
00000000
00000000
00000000
00000000
00000000
00000000
00000000
00000000
00000000
00000000
00000000
00000000
00000000
00000000
00000000
00000000
00000000
00000000
00000000
00000000
00000000
00000000
