65666765
50000000
FFFFFFAA
02303435
55224002
25433323
42050544
44526423
00420432
33200054
43203024
35343354
34444355
40332420
04000000
00044525
04455523
03440554
53545500
00000033
20020202
40444340
54524350
45543525
45465353
54573200
02232655
55446442
23404300
34045205
22323405
65333432
44000000
FFFFFFD5
25033255
45420054
55335354
43205345
34553525
45554024
02453535
45555524
55403242
35545423
54553043
54543434
50555554
40542500
23333554
53532344
03000304
62443555
54324050
30455354
43343304
35430504
03522435
42352545
03005464
45504634
54543444
03440224
43434600
44000000
00000022
35454443
30204432
46323020
44420544
50445503
52323433
44543453
20043455
30054443
34045443
45450034
45334432
44223225
24344034
24320035
54500004
42023050
35025340
24454420
05324200
42054252
45324454
06645355
42655004
40322345
43550044
43334054
25420455
35532004
43000000
00000006
03203454
42432333
25544504
43233433
34424553
45534233
55364022
24552235
23044555
30553244
40354344
03433553
54424342
05435443
45340003
00444543
53043544
44404355
32323244
25000020
43000443
44453403
45445433
02544440
44365443
42234334
34344544
32455255
44302224
05000000
FFFFFFD4
43042302
35234343
54352444
44425323
44244300
42443440
44244255
54440434
40540323
45044034
35442354
23004343
33403043
04424033
03042553
34343230
23344023
44340440
33440443
25544440
04053054
30445424
33530040
23324334
23332444
04342440
24444342
43420344
33333430
43000000
FFFFFFFE
00000000
00000000
00000000
00000000
00000000
00000000
00000000
00000000
00000000
00000000
00000000
00000000
00000000
00000000
00000000
00000000
00000000
00000000
00000000
00000000
00000000
00000000
00000000
00000000
00000000
00000000
00000000
00000000
00000000
00000000
00000000
00000000
00000000
00000000
00000000
00000000
00000000
00000000
00000000
00000000
00000000
00000000
00000000
00000000
00000000
00000000
00000000
00000000
00000000
00000000
00000000
00000000
00000000
00000000
00000000
00000000
00000000
00000000
00000000
00000000
00000000
00000000
00000000
00000000
00000000
00000000
00000000
00000000
00000000
00000000
00000000
00000000
00000000
00000000
00000000
00000000
00000000
00000000
00000000
00000000
00000000
00000000
00000000
00000000
00000000
00000000
00000000
00000000
00000000
00000000
00000000
00000000
00000000
00000000
00000000
00000000
00000000
00000000
