67635466
70000000
00000024
00322433
03342343
00440342
43354453
43650000
32340002
23032020
32043345
55534354
24004344
42042240
03000000
00054532
42030030
04333434
42443430
02332225
44322334
00244333
45455234
34442533
65322254
55332032
23323550
43544502
44344040
03004205
30002333
04440042
33000000
00000026
66433444
45554450
33343324
54434330
43555454
33553234
55334553
52600335
56024545
55544350
34465534
45304632
42645452
53443450
25653545
43566455
55452054
53335050
43355554
45334364
43350445
43243345
35403332
34245334
20242443
53322566
64544354
04420044
42044340
45000000
00000012
30503504
34534544
02353435
04635333
45055330
24240454
55543243
45434433
40354044
54344430
53345544
40254344
02332534
32534325
22335243
34553404
35432253
53303403
50303440
33354453
03034520
44435505
53240244
44552454
55322424
43444025
43444244
25634535
55434254
35000000
00000004
55205554
05234223
03334334
23544040
32034343
42242445
04334520
30332324
42433444
40420230
44434444
33334343
43333300
50430023
43035404
34324424
44435555
53450453
35543343
40423204
30245004
43333204
42023053
00523235
02432234
30343040
33344422
54543345
32442435
42000000
FFFFFFBB
44255343
33404403
32455032
34334225
30552042
42253233
20444032
03003553
44440323
04434432
43320044
43544444
54240442
20445555
33403520
33043343
34033343
20233343
03422302
53430405
03454232
44202430
43344443
43043224
34435443
03543454
34043404
43053320
02223323
44000000
FFFFFFF7
00000000
00000000
00000000
00000000
00000000
00000000
00000000
00000000
00000000
00000000
00000000
00000000
00000000
00000000
00000000
00000000
00000000
00000000
00000000
00000000
00000000
00000000
00000000
00000000
00000000
00000000
00000000
00000000
00000000
00000000
00000000
00000000
00000000
00000000
00000000
00000000
00000000
00000000
00000000
00000000
00000000
00000000
00000000
00000000
00000000
00000000
00000000
00000000
00000000
00000000
00000000
00000000
00000000
00000000
00000000
00000000
00000000
00000000
00000000
00000000
00000000
00000000
00000000
00000000
00000000
00000000
00000000
00000000
00000000
00000000
00000000
00000000
00000000
00000000
00000000
00000000
00000000
00000000
00000000
00000000
00000000
00000000
00000000
00000000
00000000
00000000
00000000
00000000
00000000
00000000
00000000
00000000
00000000
00000000
00000000
00000000
00000000
00000000
