06645666
50000000
00000010
45540204
40300020
20454032
43045224
55552032
44445334
03334040
33220240
20344455
04424452
30002002
00000000
00000430
34033240
03334334
42443400
20230203
44333400
52553325
43454344
34353354
43450540
44552342
32220442
54445542
54044024
33434555
55044346
64324442
24000000
FFFFFFE2
55035343
55242450
23533340
54544354
54353454
40455555
23044553
53663344
56453554
43434252
44560025
35034442
26256545
53523655
44536454
33443245
54240045
50345454
40354653
60040345
24030622
52443444
42404442
02344035
33434455
54400430
46444543
54440043
54644555
45000000
00000058
22453564
35342524
24444236
45540525
44433565
04404545
25344023
44044043
24353333
04635455
44435544
43452552
44333533
26335403
33524405
35354545
53534444
64535544
34343322
20234430
04345503
05345063
45355445
54044352
44423443
40535255
43535350
42045444
45440300
55000000
FFFFFFCF
54544344
40030343
03444330
30535432
34004503
54502334
33344353
35045534
32434042
54435545
34403452
43554354
45265454
34442443
23243466
44054340
44552445
03300334
44344033
30324443
55354303
43333523
54345333
50425030
45444344
04400042
50232543
52044043
54432234
43000000
0000002B
02322343
55044323
04542442
35340040
30305454
24523404
35544453
44344240
03332403
42043242
43042453
25502323
44324332
25405252
35445534
40044444
44325405
04225434
04232354
44044244
33200202
44352454
34243203
30533333
52352432
23303253
03433030
02422440
44345245
44000000
FFFFFFF2
00000000
00000000
00000000
00000000
00000000
00000000
00000000
00000000
00000000
00000000
00000000
00000000
00000000
00000000
00000000
00000000
00000000
00000000
00000000
00000000
00000000
00000000
00000000
00000000
00000000
00000000
00000000
00000000
00000000
00000000
00000000
00000000
00000000
00000000
00000000
00000000
00000000
00000000
00000000
00000000
00000000
00000000
00000000
00000000
00000000
00000000
00000000
00000000
00000000
00000000
00000000
00000000
00000000
00000000
00000000
00000000
00000000
00000000
00000000
00000000
00000000
00000000
00000000
00000000
00000000
00000000
00000000
00000000
00000000
00000000
00000000
00000000
00000000
00000000
00000000
00000000
00000000
00000000
00000000
00000000
00000000
00000000
00000000
00000000
00000000
00000000
00000000
00000000
00000000
00000000
00000000
00000000
00000000
00000000
00000000
00000000
00000000
00000000
