55654644
60000000
FFFFFFC9
23244233
20202326
54052443
40444444
33522233
30243200
02233034
04404224
34002343
54632222
30033225
54000000
00030033
23304034
43030566
42455500
00025556
54024435
24444332
25552005
55060505
55555535
45330003
33344445
44545403
54433320
42344320
65500000
23444303
03000000
00000042
34244460
45453405
55533324
44400334
33034434
54633665
54245454
44424454
45534525
54504552
54445550
65654535
65444054
44632544
23565542
43353240
23445450
24423555
33555055
44445405
34332432
43545533
32525255
43553544
54336425
50424554
33405454
42404322
00555525
66000000
FFFFFFDC
50543504
35044445
52643444
24402544
43560050
55024444
54003443
40554442
00444034
54452423
52550420
35453356
32534020
44435353
22034253
33402540
23034443
23444233
44403433
22455553
45233402
23354503
30065543
25635465
55004422
40222553
45442352
24445324
34404555
42000000
00000031
55233444
44034444
34050330
44542434
44342543
34464204
54454403
45035343
43455365
24605524
44400443
04205345
65426333
34332343
44454255
46042040
05304024
64304045
33432334
42023423
35333452
06444040
04533032
43545332
32545224
52334342
04005045
24242325
40444330
54000000
FFFFFFD1
30342340
45044230
23520422
03442240
25355333
40402345
03424440
54434304
23224026
43340422
43342404
03444220
53244420
45305053
03304544
00023502
43444243
05523435
32443453
44033245
33034404
32330503
33255044
42320303
50054502
44034343
04304425
42300343
22034045
00000000
FFFFFFF7
00000000
00000000
00000000
00000000
00000000
00000000
00000000
00000000
00000000
00000000
00000000
00000000
00000000
00000000
00000000
00000000
00000000
00000000
00000000
00000000
00000000
00000000
00000000
00000000
00000000
00000000
00000000
00000000
00000000
00000000
00000000
00000000
00000000
00000000
00000000
00000000
00000000
00000000
00000000
00000000
00000000
00000000
00000000
00000000
00000000
00000000
00000000
00000000
00000000
00000000
00000000
00000000
00000000
00000000
00000000
00000000
00000000
00000000
00000000
00000000
00000000
00000000
00000000
00000000
00000000
00000000
00000000
00000000
00000000
00000000
00000000
00000000
00000000
00000000
00000000
00000000
00000000
00000000
00000000
00000000
00000000
00000000
00000000
00000000
00000000
00000000
00000000
00000000
00000000
00000000
00000000
00000000
00000000
00000000
00000000
00000000
00000000
00000000
