76574646
70000000
FFFFFFBB
23024220
53240343
03004034
43504634
53605025
02503003
02222220
40203343
05054350
55243460
52250042
03000000
00055525
53302230
20235346
45556500
02022025
44423303
50542530
54264544
54356506
66645553
56362000
00033253
44350330
22343054
25335345
44354454
32443004
32000000
0000004B
35544340
53503452
04502532
56242523
35454523
50254543
44435544
53423654
24353525
54333232
44432543
04335220
03325323
20565654
52255344
44434326
05043023
22030003
45332220
03545434
55034402
23223454
35055555
54345505
55446554
34404505
34554423
23443445
34444502
30000000
00000006
25520404
20542033
30444345
04452540
36424344
35324032
44342055
44054535
44454454
33244444
54042303
40435545
44003543
22254053
50023052
33240343
25235324
44244545
44323420
43452344
34443240
34440444
34004424
44254444
42236443
23234520
43343043
35045404
45233454
04000000
00000069
56345525
44345544
44033233
44256534
23454445
34343422
54540543
44344553
54355233
23442443
43333254
40325544
04503030
43504305
34434554
45405344
63053340
44334335
44304342
34535443
32203324
44454535
54555544
32440450
04342340
42443405
52405340
04235243
30440526
05000000
FFFFFF70
24440434
45324403
04324445
33533530
32023324
24044305
53040344
55024040
45425325
20434530
54444334
24534535
40440333
00033452
22444530
50523354
55343330
33203224
03530053
34234005
02235345
44422520
35340353
33034402
53244353
45325203
34320202
40440232
42253435
40000000
FFFFFFF5
00000000
00000000
00000000
00000000
00000000
00000000
00000000
00000000
00000000
00000000
00000000
00000000
00000000
00000000
00000000
00000000
00000000
00000000
00000000
00000000
00000000
00000000
00000000
00000000
00000000
00000000
00000000
00000000
00000000
00000000
00000000
00000000
00000000
00000000
00000000
00000000
00000000
00000000
00000000
00000000
00000000
00000000
00000000
00000000
00000000
00000000
00000000
00000000
00000000
00000000
00000000
00000000
00000000
00000000
00000000
00000000
00000000
00000000
00000000
00000000
00000000
00000000
00000000
00000000
00000000
00000000
00000000
00000000
00000000
00000000
00000000
00000000
00000000
00000000
00000000
00000000
00000000
00000000
00000000
00000000
00000000
00000000
00000000
00000000
00000000
00000000
00000000
00000000
00000000
00000000
00000000
00000000
00000000
00000000
00000000
00000000
00000000
00000000
