57874686
00000000
0000000F
42340044
55550302
00530534
44035232
25535534
42333044
24404543
34004352
54220544
44434533
30022022
22000000
00065334
32035425
03405454
54305500
00000006
25544454
62064555
34304340
50735453
34460466
56600220
00003363
30355450
35035040
44242305
03332403
54433033
20000000
00000083
45506553
64435245
33643543
56552553
45333053
52445004
34423355
45044233
33552433
03042235
40624454
25334052
34246304
44553603
54460355
02042354
63533504
25033003
35045304
30533454
36306240
43044532
45434442
33430550
34005435
45345454
42433355
44342450
05403335
34000000
0000002F
35444553
55233032
22555452
04034500
04404000
34345423
30202044
42422424
56555356
53443442
04040345
52334420
05350430
50405335
25535242
44040054
45203434
45554554
45555455
44444350
35332340
44434543
23454444
35555543
45630334
44323044
50024403
54325043
33033404
44000000
0000003B
23220243
04450432
33422025
43045054
34220503
30503244
24044230
53455544
22003444
25244003
24304333
40444443
34434330
43033350
04030403
30303330
42002450
03004254
43425433
33044552
33344400
04022035
55555333
44003435
44333535
35542332
43443403
40543440
05330303
44000000
00000052
22420342
43334025
35444324
44553453
05354243
05404333
40450454
55345054
35230424
40424543
40353424
05504424
43454442
03233444
33233344
02450453
44030444
24002444
34403000
04323506
43235243
44220320
34454420
30234503
33443032
30033344
35424405
23430440
24304223
30000000
FFFFFFEC
00000000
00000000
00000000
00000000
00000000
00000000
00000000
00000000
00000000
00000000
00000000
00000000
00000000
00000000
00000000
00000000
00000000
00000000
00000000
00000000
00000000
00000000
00000000
00000000
00000000
00000000
00000000
00000000
00000000
00000000
00000000
00000000
00000000
00000000
00000000
00000000
00000000
00000000
00000000
00000000
00000000
00000000
00000000
00000000
00000000
00000000
00000000
00000000
00000000
00000000
00000000
00000000
00000000
00000000
00000000
00000000
00000000
00000000
00000000
00000000
00000000
00000000
00000000
00000000
00000000
00000000
00000000
00000000
00000000
00000000
00000000
00000000
00000000
00000000
00000000
00000000
00000000
00000000
00000000
00000000
00000000
00000000
00000000
00000000
00000000
00000000
00000000
00000000
00000000
00000000
00000000
00000000
00000000
00000000
00000000
00000000
00000000
00000000
