E1
3C
7E
CE
A8
4C
F2
20
FE
89
03
0C
00
16
86
FE
7C
CE
16
77
0D
40
BF
EC
0D
DA
73
02
44
47
C3
1A
F6
27
31
8C
F2
36
FF
E2
80
3E
00
C4
FF
EE
CC
8E
FF
E4
6E
DB
00
90
02
4F
19
22
22
30
22
10
17
A2
3A
88
12
44
03
04
40
E8
AC
30
80
44
01
CC
C4
03
33
20
00
13
10
AC
C8
D6
46
00
01
8E
C8
FC
D3
24
EF
73
21
08
08
A2
23
80
26
00
0F
33
C0
0F
7D
66
FD
40
00
17
30
43
CF
74
07
33
67
11
89
D8
3D
84
3E
EF
33
63
3C
47
8C
11
0E
67
60
11
30
4F
3F
D1
10
28
04
FF
50
28
37
01
40
33
25
C1
80
14
00
1C
C4
E3
00
C3
3C
FE
E4
00
08
CE
D4
CC
CE
26
40
22
20
8C
CC
4F
FF
E3
30
0C
CF
CD
DC
96
FE
8C
CC
10
26
26
88
23
76
10
1F
CF
00
89
33
05
7E
E0
00
40
E8
90
6B
00
89
20
CF
F0
30
83
23
AE
F7
40
BC
F7
11
59
C1
2F
CC
32
67
B1
B0
0C
C5
75
CC
84
0D
CC
00
92
32
3D
2F
10
6E
E3
08
21
68
81
33
3C
98
08
C0
00
04
FF
8A
A3
61
91
00
38
C6
01
00
4F
B0
00
DC
C7
C8
4F
F4
3A
CE
F4
41
91
01
70
03
C2
6F
83
30
63
3F
47
DC
19
8E
24
C8
17
64
CC
98
11
F6
E1
0E
BC
84
67
50
82
94
3F
00
0E
70
7E
6F
00
F0
0B
09
E8
1B
D4
00
00
DF
28
C3
00
32
44
D0
8F
81
9F
70
04
9E
70
0B
BC
7F
B0
86
30
67
64
10
6B
F7
60
48
99
C7
2E
6E
F0
10
02
1B
F4
80
1C
0B
EE
80
1C
7F
88
00
27
10
A4
CF
CC
02
DF
23
00
F7
47
33
F1
11
2F
C0
32
CC
81
2E
CE
00
EC
CC
20
CC
C4
03
81
10
FF
11
01
37
C3
E6
20
80
01
08
F4
D3
C8
8F
04
01
F3
10
77
C0
87
04
00
CC
C7
3F
E2
35
74
01
50
AD
E8
38
90
00
EE
99
0E
EE
EE
06
63
32
30
10
10
82
23
3A
30
7E
FA
58
66
89
80
90
18
EE
FF
E4
D1
0B
A2
66
34
FC
DF
A1
7A
20
1C
01
29
00
0B
FD
30
00
7C
03
00
FE
B2
27
10
0D
02
99
8F
F8
CE
22
0F
78
30
0F
10
00
73
3E
70
CC
62
AF
CF
90
60
DF
11
14
6E
C4
71
36
03
C8
34
4B
FF
C6
DE
23
17
76
68
16
00
00
00
00
00
00
00
00
00
00
00
00
00
00
00
00
00
00
00
00
00
00
00
00
00
00
00
00
00
00
00
00
00
00
00
00
00
00
00
00
00
00
00
00
00
00
00
00
00
00
00
00
00
00
00
00
00
00
00
00
00
00
00
00
00
00
00
00
00
00
00
00
00
00
00
00
00
00
00
00
00
00
00
00
00
00
00
00
00
00
00
00
00
00
00
00
00
00
00
00
00
00
00
00
00
00
00
00
00
00
00
00
00
00
00
00
00
00
00
00
00
00
00
00
00
00
00
00
00
00
00
00
00
00
00
00
00
00
00
00
00
00
00
00
00
00
00
00
00
00
00
00
00
00
00
00
00
00
00
00
00
00
00
00
00
00
00
00
00
00
00
00
00
00
00
00
00
00
00
00
00
00
00
00
00
00
00
00
00
00
00
00
00
00
00
00
00
00
00
00
00
00
00
00
00
00
00
00
00
00
00
00
00
00
00
00
00
00
00
00
00
00
00
00
00
00
00
00
00
00
00
00
00
00
00
00
00
00
00
00
00
00
00
00
00
00
00
00
00
00
00
00
00
00
00
00
00
00
00
00
00
00
00
00
00
00
00
00
00
00
00
00
00
00
00
00
00
00
00
00
00
00
00
00
00
00
00
00
00
00
00
00
00
00
00
00
00
00
00
00
00
00
00
00
00
00
00
00
00
00
00
00
00
00
00
00
00
00
00
00
00
00
00
00
00
00
00
00
00
00
00
00
00
00
00
00
00
00
00
00
00
00
00
00
00
00
00
00
00
00
00
00
00
00
00
00
00
00
00
00
00
00
00
00
00
00
00
00
00
00
00
00
00
00
00
00
00
00
00
00
00
00
00
00
00
00
00
00
00
00
00
00
00
00
00
00
00
00
00
00
00
00
00
00
00
00
00
00
00
00
00
00
00
00
00
00
00
00
00
00
00
00
00
00
00
00
00
00
00
00
00
00
00
00
00
00
00
00
00
00
00
00
00
00
00
00
00
00
00
00
00
00
00
00
00
00
00
00
00
00
00
00
00
00
00
00
00
00
00
00
00
00
00
00
00
00
00
00
00
00
00
00
00
00
00
00
00
00
00
00
00
00
00
00
00
