45324404
53354403
44544535
43344440
42302042
02424443
23324430
44202332
45434335
34334333
24305543
55334243
44344443
35332433
33430430
35454433
33442403
34004550
53024340
45444343
34023504
33304430
30344243
45434323
22033404
33032044
23454442
45044432
42024334
45434433
34433025
34423420
44333444
40322424
44540425
43403342
55430022
42332333
24333544
55234040
24444443
44435340
33220342
33324230
53445544
44544434
45004344
50445530
45533343
35322343
25503434
34024032
00000018
24530340
00422320
03333534
03053424
24404430
45404450
24320400
24320440
34343340
43334333
30330340
03433030
42304230
04423343
43303344
23434423
30433244
04440032
32333004
30224343
40330230
23032434
24304340
00442303
33534344
55440254
35430444
24343424
24344502
44443344
24040423
33324440
30434203
44324230
23224440
44044430
03424444
44542242
30442420
25044440
33323323
45340043
30222403
24302432
43435242
44304404
53433243
20402240
30305334
43243043
23423434
40324543
FFFFFFB9
32232443
24443424
32303244
40004255
44244403
23323443
33324434
03404243
44353444
34444444
34442344
02444453
24344532
34544300
44343234
32444234
04430343
33044454
44433333
22033443
02342304
40023433
30344424
34325454
04344342
43325434
02543354
35240444
30033403
03420554
22424233
33404454
02440334
04443454
34324423
04342533
00333344
33040434
34434433
43243040
32430204
32553534
03023400
34234334
52343243
34324442
34024403
43324035
04302433
23403543
34343442
30344340
00000032
00043444
33440303
42334442
44033043
43443443
45344230
44434440
35420533
44520440
00423034
33044530
45023434
55304432
24042443
43320223
03330444
33404430
44304432
53434403
44033200
05433233
33243344
44444452
45444300
24324444
43524443
43442432
24033433
50330440
44424420
33344244
43044343
45433402
32230433
00442424
30002242
45404433
03430440
25423320
23043452
45333442
44034040
42403423
43334442
44223232
02342320
22404443
34424440
42544043
33203003
24243002
05343023
0000002F
23402402
34443450
23402445
34254332
54344402
50200434
54403343
30304350
24333223
43000443
22444420
45320532
33324003
02334544
44334402
54504442
44342332
40424040
33320542
30334403
34334544
04435532
33440404
23333304
35434334
30030353
45333223
54004443
30300440
44330432
55534533
04445502
00334443
34032522
34444333
23505454
32434200
05303443
04234244
44502322
03225445
34443300
34343243
04534543
45320444
54444454
44444403
34534443
32305020
20304054
43322202
45322543
0000000F
44423344
44300330
04434543
44433044
04243344
20330330
23430044
33024400
43303243
34043204
03443423
42330433
24542044
44054322
43540224
03230442
34443443
44404432
04542440
04530023
32240032
04332243
33040044
40544330
03444423
34443443
25452344
33244443
30344443
33433422
30443344
44303043
24350443
03440203
34444433
32032442
45530332
33433340
44434422
44403340
30445543
30553350
04333554
02223400
33342430
20033200
04334454
34344444
40444340
03433404
24243442
44532242
00000000
34434443
44444033
44543434
44203003
04222042
34030442
03444033
32433340
44023444
04204343
32004443
44300430
44433050
32054203
44042453
34443533
24400444
53244434
44530440
05432300
23224342
04544430
44402423
43344240
03324243
20533400
42442240
44334400
03300324
44404203
34044324
44322042
34333435
33200344
23434042
34444532
42404324
44404230
34335543
44534300
44033333
43450440
34323333
44444433
43453544
04035400
24024245
55305544
30420542
35324330
35324544
42003440
FFFFFFF1
30342444
33043430
32400245
43432245
54453343
03330433
45243453
34324535
44330002
22444343
05450523
02440445
55440244
44453244
53523353
34304244
54434330
32444444
44403543
04202444
35444433
20344432
45533544
44444333
44302440
33434353
44340455
24233444
54400334
22032443
54523433
44335524
44534333
44233333
24004053
24534443
20402044
22552344
45434402
33044244
45440540
34032332
43442542
34304443
55440332
00220333
53434333
32040032
04543543
34022000
42423444
30224344
FFFFFFC6
42234434
45442442
00433443
44400033
33443302
04242440
32400242
03434043
23433433
45403233
23243342
33324444
44002003
34542440
23333552
04434534
22234240
44424440
30303443
43344024
03434530
45343430
34434544
45433303
40004430
54304445
02553040
00420403
43323442
34432043
34422034
23430443
32304453
40000034
34440230
44424440
34324420
44244452
23400304
34044304
04303442
32404520
02420340
43542220
43324420
44043444
20200002
33342024
34203554
05435430
35440442
03235443
00000018
33302254
45544232
00440334
44034044
32232344
00440433
00333244
43334240
30430244
00430243
34023454
00444523
22332230
34244444
33434453
44543440
34204553
33404423
22332423
03343432
34224253
32433443
44042450
44544423
23344433
44433433
33342443
43243433
33432023
33403353
24432534
43323444
04222034
54224453
04330443
42342230
04403242
34430233
03444304
44233422
44332422
42443054
00444442
24434044
33344422
35030443
34034423
23334424
44030254
33433322
02404453
05542353
FFFFFFF0
00000000
00000000
00000000
00000000
00000000
00000000
00000000
00000000
00000000
00000000
00000000
00000000
00000000
00000000
00000000
00000000
00000000
00000000
00000000
00000000
00000000
00000000
00000000
00000000
00000000
00000000
00000000
00000000
00000000
00000000
00000000
00000000
00000000
00000000
00000000
00000000
00000000
00000000
00000000
00000000
00000000
00000000
00000000
00000000
00000000
00000000
00000000
00000000
00000000
00000000
00000000
00000000
00000000
00000000
00000000
00000000
00000000
00000000
00000000
00000000
00000000
00000000
00000000
00000000
00000000
00000000
00000000
00000000
00000000
00000000
00000000
00000000
00000000
00000000
00000000
00000000
00000000
00000000
00000000
00000000
00000000
00000000
00000000
00000000
00000000
00000000
00000000
00000000
00000000
00000000
00000000
00000000
00000000
00000000
00000000
00000000
00000000
00000000
00000000
00000000
00000000
00000000
00000000
00000000
00000000
00000000
00000000
00000000
00000000
00000000
00000000
00000000
00000000
00000000
00000000
00000000
00000000
00000000
00000000
00000000
00000000
00000000
00000000
00000000
00000000
00000000
00000000
00000000
00000000
00000000
00000000
00000000
00000000
00000000
00000000
00000000
00000000
00000000
00000000
00000000
00000000
00000000
00000000
00000000
00000000
00000000
00000000
00000000
00000000
00000000
00000000
00000000
00000000
00000000
00000000
00000000
00000000
00000000
00000000
00000000
00000000
00000000
00000000
00000000
00000000
00000000
00000000
00000000
00000000
00000000
00000000
00000000
00000000
00000000
00000000
00000000
00000000
00000000
00000000
00000000
00000000
00000000
00000000
00000000
00000000
00000000
00000000
00000000
00000000
00000000
00000000
00000000
00000000
00000000
00000000
00000000
00000000
00000000
00000000
00000000
00000000
00000000
00000000
00000000
00000000
00000000
00000000
00000000
00000000
00000000
00000000
00000000
00000000
00000000
00000000
00000000
00000000
00000000
00000000
00000000
00000000
00000000
00000000
00000000
00000000
00000000
00000000
00000000
00000000
00000000
00000000
00000000
00000000
00000000
00000000
00000000
00000000
00000000
00000000
00000000
00000000
00000000
00000000
00000000
00000000
00000000
00000000
00000000
00000000
00000000
00000000
00000000
00000000
00000000
00000000
00000000
00000000
00000000
00000000
00000000
00000000
00000000
00000000
00000000
00000000
00000000
00000000
00000000
00000000
00000000
00000000
00000000
00000000
00000000
00000000
00000000
00000000
00000000
00000000
00000000
00000000
00000000
00000000
00000000
00000000
00000000
00000000
00000000
00000000
00000000
00000000
00000000
00000000
00000000
00000000
00000000
00000000
00000000
00000000
00000000
00000000
00000000
00000000
00000000
00000000
00000000
00000000
00000000
00000000
00000000
00000000
00000000
00000000
00000000
00000000
00000000
00000000
00000000
00000000
00000000
00000000
00000000
00000000
00000000
00000000
00000000
00000000
00000000
00000000
00000000
00000000
00000000
00000000
00000000
00000000
00000000
00000000
00000000
00000000
00000000
00000000
00000000
00000000
00000000
00000000
00000000
00000000
00000000
00000000
00000000
00000000
00000000
00000000
00000000
00000000
00000000
00000000
00000000
00000000
00000000
00000000
00000000
00000000
00000000
00000000
00000000
00000000
00000000
00000000
00000000
00000000
00000000
00000000
00000000
00000000
00000000
00000000
00000000
00000000
00000000
00000000
00000000
00000000
00000000
00000000
00000000
00000000
00000000
00000000
00000000
00000000
00000000
00000000
00000000
00000000
00000000
00000000
00000000
00000000
00000000
00000000
00000000
00000000
00000000
00000000
00000000
00000000
00000000
00000000
00000000
00000000
00000000
00000000
00000000
00000000
00000000
00000000
00000000
00000000
00000000
00000000
00000000
00000000
00000000
00000000
00000000
00000000
00000000
00000000
00000000
00000000
00000000
00000000
00000000
00000000
00000000
00000000
00000000
00000000
00000000
00000000
00000000
00000000
00000000
00000000
00000000
00000000
00000000
00000000
00000000
00000000
00000000
00000000
00000000
00000000
00000000
00000000
00000000
00000000
00000000
00000000
00000000
00000000
00000000
00000000
00000000
00000000
00000000
00000000
00000000
00000000
00000000
00000000
00000000
00000000
00000000
00000000
00000000
00000000
00000000
00000000
00000000
00000000
00000000
00000000
00000000
00000000
00000000
00000000
00000000
00000000
00000000
00000000
00000000
