77644277
60000000
FFFFFF8F
02042043
04432000
00433420
33355055
35550430
54354233
32020243
43404425
40440454
34044034
40004324
30000000
00030333
32324433
42540645
63256502
03320034
22254443
30302232
46445535
63554555
06644444
30522200
22202554
45455220
00203403
20402402
40030200
00034334
40000000
0000003B
44505554
55445505
33054304
34354442
45045052
54343535
40244030
55004635
30242553
30544430
55303454
45054455
53534500
05032453
03444234
33445430
40442454
54442065
24005333
40564253
03303445
62452054
03544555
34252404
54544430
44235444
52642554
33544545
54344243
24000000
FFFFFFE9
23404333
53230350
34454232
42542533
44430303
54344345
40455233
55323432
35005004
35543444
34353534
54450345
54535523
35444332
05455220
04543463
55554400
45325402
30446425
33355543
43536455
55432435
44035445
24502345
32433652
34004545
45244354
02533245
45444435
34000000
00000024
34544655
30454434
35554454
43443554
53543054
30534542
03442435
44034430
32405540
00453525
40325255
42544044
34205625
63342524
54500456
34544205
54444354
33224545
56554245
54403023
45445544
45343452
04553433
32552445
34045344
50330304
44534424
45630220
53523330
44000000
FFFFFFF5
42344233
44442243
45443434
54400053
33340533
44025232
03254350
40442233
34333404
00040434
34334450
25444044
52454450
35242344
33202634
44423040
44054243
02234444
30302343
45044225
34525245
35030523
33240253
03330503
22402030
44035453
43332322
42453224
44353323
22000000
FFFFFFFB
00000000
00000000
00000000
00000000
00000000
00000000
00000000
00000000
00000000
00000000
00000000
00000000
00000000
00000000
00000000
00000000
00000000
00000000
00000000
00000000
00000000
00000000
00000000
00000000
00000000
00000000
00000000
00000000
00000000
00000000
00000000
00000000
00000000
00000000
00000000
00000000
00000000
00000000
00000000
00000000
00000000
00000000
00000000
00000000
00000000
00000000
00000000
00000000
00000000
00000000
00000000
00000000
00000000
00000000
00000000
00000000
00000000
00000000
00000000
00000000
00000000
00000000
00000000
00000000
00000000
00000000
00000000
00000000
00000000
00000000
00000000
00000000
00000000
00000000
00000000
00000000
00000000
00000000
00000000
00000000
00000000
00000000
00000000
00000000
00000000
00000000
00000000
00000000
00000000
00000000
00000000
00000000
00000000
00000000
00000000
00000000
00000000
00000000
