30355545
60000000
00000023
33030230
05545544
43022443
54253004
43503264
45532435
30400542
33000034
42045344
30543265
30022000
20000000
00055665
55523233
02000445
35245200
00200224
42534045
52032354
35563404
43443543
04552443
44540000
00200540
02404443
24025323
00200000
33000220
34030222
30000000
00000037
64433405
55436446
40333644
54365353
54045335
53555243
45330464
54535355
02603656
03224433
04422035
05453453
54263305
40555434
33524524
43232462
44433355
55534425
55050440
25356456
45465565
46536345
44544454
45520435
40453264
53056363
55403434
54554323
05432003
06000000
FFFFFFF4
34235433
42322555
54256435
44542445
54554340
33520205
43444324
43203334
34304335
50033502
55404422
35242544
25523450
24023450
34454433
43345054
45534445
35344243
23240246
43502243
33355345
40423353
52024443
34440444
34403444
35435556
44443455
33424245
40043255
23000000
FFFFFFD7
33332024
25330032
42223503
44024345
24332030
03333430
52254344
05505554
33025444
42033420
34543434
53430530
64433200
00253442
44453235
03420264
24434254
54332044
54304053
25205444
34430332
03403444
05433544
03240035
02344455
25405345
54434334
02256455
05524444
34000000
00000056
34323003
45545430
20444233
22050423
04443054
33535434
00433335
44520343
54235345
04023330
30200033
32434530
54530344
03233324
04443442
24024400
04253445
24203340
32323444
44243000
22545423
03435234
30445444
34334044
04332042
33244434
02334323
00420303
33344025
44000000
FFFFFFE5
00000000
00000000
00000000
00000000
00000000
00000000
00000000
00000000
00000000
00000000
00000000
00000000
00000000
00000000
00000000
00000000
00000000
00000000
00000000
00000000
00000000
00000000
00000000
00000000
00000000
00000000
00000000
00000000
00000000
00000000
00000000
00000000
00000000
00000000
00000000
00000000
00000000
00000000
00000000
00000000
00000000
00000000
00000000
00000000
00000000
00000000
00000000
00000000
00000000
00000000
00000000
00000000
00000000
00000000
00000000
00000000
00000000
00000000
00000000
00000000
00000000
00000000
00000000
00000000
00000000
00000000
00000000
00000000
00000000
00000000
00000000
00000000
00000000
00000000
00000000
00000000
00000000
00000000
00000000
00000000
00000000
00000000
00000000
00000000
00000000
00000000
00000000
00000000
00000000
00000000
00000000
00000000
00000000
00000000
00000000
00000000
00000000
00000000
