66364654
70000000
00000000
43443034
44334325
30033300
42255424
53055524
42303354
04232343
03442453
35234244
40542350
30230200
20000000
00044545
45554333
44345353
45432500
02000003
30222323
52200030
40540444
45573055
55665340
45052202
00202536
40443444
04334342
03024035
34524403
44050022
23000000
00000034
24004454
54453503
45544452
54355302
54044534
25033442
40355453
24445445
44430044
32424502
46445044
43555445
53554454
20200404
43345655
43423344
42206432
34655254
34234255
40404234
43522543
04344554
54352034
04234404
24254443
25354525
35504453
24302443
45544425
35000000
FFFFFFF9
53555455
43355333
44333405
22355445
50345030
54255423
25042535
35404050
40540565
34552554
43235434
34562640
44554434
05345454
43336446
52563345
35434532
04333053
00530445
55523334
40434425
44546543
02445255
34434624
20353433
55445554
42535035
33405445
53033245
35000000
00000022
04534344
43544420
30233344
42304543
44240453
33304345
43443554
54535423
53042540
04403242
33244225
24555344
43303532
50344430
44204430
22534433
45335002
35234435
23324454
44304430
30233320
53203534
35042343
20220552
44330445
40034340
45544334
44545545
30350235
43000000
00000030
35530542
43430340
44004424
43253342
34053343
03005433
42243553
45304353
22333235
35453440
02353425
45435434
52334243
23343324
04245330
43230034
44350443
05043430
40542044
24234340
03025324
42252550
50252244
24440442
32323023
42455432
32024205
42553352
33224335
05000000
FFFFFFF1
00000000
00000000
00000000
00000000
00000000
00000000
00000000
00000000
00000000
00000000
00000000
00000000
00000000
00000000
00000000
00000000
00000000
00000000
00000000
00000000
00000000
00000000
00000000
00000000
00000000
00000000
00000000
00000000
00000000
00000000
00000000
00000000
00000000
00000000
00000000
00000000
00000000
00000000
00000000
00000000
00000000
00000000
00000000
00000000
00000000
00000000
00000000
00000000
00000000
00000000
00000000
00000000
00000000
00000000
00000000
00000000
00000000
00000000
00000000
00000000
00000000
00000000
00000000
00000000
00000000
00000000
00000000
00000000
00000000
00000000
00000000
00000000
00000000
00000000
00000000
00000000
00000000
00000000
00000000
00000000
00000000
00000000
00000000
00000000
00000000
00000000
00000000
00000000
00000000
00000000
00000000
00000000
00000000
00000000
00000000
00000000
00000000
00000000
