46664575
30000000
00000022
33234444
53400000
00304533
34343424
43440330
40024302
03223443
25554543
44453552
04454245
50000000
00000000
00023400
30004435
45444335
32420422
02000324
33503400
03443545
33052240
03336535
55545444
55350000
22000044
34444434
44333423
32433544
34334444
52023330
22000000
00000000
04534445
35053024
22245333
05040543
34555552
44550344
33435454
53234343
44344530
52040042
35442420
06542234
34544453
05444542
42045533
03433455
53442355
35425345
55043340
24445053
55322340
03443344
43404052
20420454
40504220
52455445
33253444
44304423
45043304
44000000
0000000B
04423034
05453044
45545355
20555405
55043235
44332530
65554054
53244434
25024230
53534424
33443033
22445454
43440243
24434320
03524544
52555444
54444550
52454050
55453444
30454444
54443555
06544333
33433453
54443034
03543404
35232444
33203565
34403343
43532453
04000000
00000031
00244425
25344004
33053252
33544303
30543450
44434353
24530555
45654253
44503504
05535604
52355504
65445035
20624534
43522354
23533554
44034435
53334243
23544245
03400435
54444350
53334434
42232355
33555543
34243050
23333424
44246653
33444324
04433304
54444204
25000000
0000001F
33240433
43223402
23055254
43545333
42433320
00203302
43400440
40420224
20402535
50304230
44243030
23434544
32243040
03033034
25504554
32040233
54233033
33404434
44322502
50353224
02305044
23535340
00044340
40033444
50030444
32232424
30304234
34444340
34024334
34000000
0000000E
00000000
00000000
00000000
00000000
00000000
00000000
00000000
00000000
00000000
00000000
00000000
00000000
00000000
00000000
00000000
00000000
00000000
00000000
00000000
00000000
00000000
00000000
00000000
00000000
00000000
00000000
00000000
00000000
00000000
00000000
00000000
00000000
00000000
00000000
00000000
00000000
00000000
00000000
00000000
00000000
00000000
00000000
00000000
00000000
00000000
00000000
00000000
00000000
00000000
00000000
00000000
00000000
00000000
00000000
00000000
00000000
00000000
00000000
00000000
00000000
00000000
00000000
00000000
00000000
00000000
00000000
00000000
00000000
00000000
00000000
00000000
00000000
00000000
00000000
00000000
00000000
00000000
00000000
00000000
00000000
00000000
00000000
00000000
00000000
00000000
00000000
00000000
00000000
00000000
00000000
00000000
00000000
00000000
00000000
00000000
00000000
00000000
00000000
