64755776
30000000
0000000A
53440302
20000030
00303500
53033303
30342003
20300320
30023054
03232225
34334245
33333343
40223235
43200000
00005530
36565540
23030246
50554500
02030005
34444444
50540423
43365244
35455340
44045435
54463003
23302544
43050342
44232342
43203540
55455565
44432302
33000000
FFFFFFFB
54344255
43443332
55555330
33434022
30436523
63233432
53425545
43435542
54524540
43324204
44343025
54245344
53244433
45444233
34540453
43042353
00345404
43403454
53543323
54455556
65053040
40523333
34550540
33044433
30434530
30453405
43334345
44545242
44230400
33000000
00000029
40542552
55334434
44334334
43543443
55320332
54224224
20400454
54423343
54453444
55045536
63424405
54444423
40044030
04434254
03444354
44424550
24344404
45345204
43454445
54454035
45244444
23444234
55054220
55044434
45444242
53433025
44004350
34303352
24323442
04000000
00000033
44622444
45343435
50505432
23353333
52543342
00354554
22235450
45404035
44034545
43433334
32334432
02440543
55445630
22244423
04332456
35444430
30240033
40004432
54333230
53442444
45005445
44344444
44333043
32322045
40245230
00043032
33303044
54020044
02453553
43000000
0000005E
40500544
34323300
33334533
55450442
42255044
23542034
43534442
04435043
24203435
54304240
42244334
43344222
23350454
54044024
25005534
34432334
54343034
25345330
53430443
55440005
23342204
33342303
43255054
00432434
43344432
53342203
35303024
54034043
35444230
05000000
FFFFFFE5
00000000
00000000
00000000
00000000
00000000
00000000
00000000
00000000
00000000
00000000
00000000
00000000
00000000
00000000
00000000
00000000
00000000
00000000
00000000
00000000
00000000
00000000
00000000
00000000
00000000
00000000
00000000
00000000
00000000
00000000
00000000
00000000
00000000
00000000
00000000
00000000
00000000
00000000
00000000
00000000
00000000
00000000
00000000
00000000
00000000
00000000
00000000
00000000
00000000
00000000
00000000
00000000
00000000
00000000
00000000
00000000
00000000
00000000
00000000
00000000
00000000
00000000
00000000
00000000
00000000
00000000
00000000
00000000
00000000
00000000
00000000
00000000
00000000
00000000
00000000
00000000
00000000
00000000
00000000
00000000
00000000
00000000
00000000
00000000
00000000
00000000
00000000
00000000
00000000
00000000
00000000
00000000
00000000
00000000
00000000
00000000
00000000
00000000
