77740667
70000000
00000011
23344043
54400000
02333243
32032043
34020234
34444444
00420430
03323334
50443433
44552455
34400002
03000000
00044343
34442002
22344055
53355500
00000025
33323044
33533455
40455434
55456003
65456650
06600220
20430543
03443434
54332444
43444443
44334466
53240020
03000000
00000014
45554353
44544244
40355034
53465203
24222534
34525030
03640243
55240424
54353223
44020020
30550505
42532404
50443532
00542562
34305445
00344455
55004443
04332034
45545235
45564505
55253245
54433344
23544543
45405455
02545404
34343534
55344535
02326545
60423323
54000000
00000035
32255435
42444404
05644544
55344033
05655440
52023444
44544555
45235055
54544454
42430544
04543543
02432553
53344433
23302450
03433324
22254544
32433432
23440434
43403262
35442340
43560443
42040544
40054343
45505455
23434244
55034433
54003434
52454453
53300005
44000000
00000017
52344220
34303305
24434454
04340034
44404234
02350334
33333355
54030244
24023422
54533230
26023533
00344332
44250425
05500334
25354323
54053342
23204405
42422543
44245034
00224433
03454300
32365554
43244424
03403334
33303265
22435325
44234444
55435225
53304304
44000000
00000049
04544525
53343452
45224323
54324534
03233043
24344342
42244434
24554454
35544434
33432330
42343340
34440434
05444532
53334450
20430335
02354003
44054323
24403322
32303423
54530222
44334304
43333322
33333354
04432543
53432403
03433434
43054000
02434350
04543344
52000000
FFFFFFFF
00000000
00000000
00000000
00000000
00000000
00000000
00000000
00000000
00000000
00000000
00000000
00000000
00000000
00000000
00000000
00000000
00000000
00000000
00000000
00000000
00000000
00000000
00000000
00000000
00000000
00000000
00000000
00000000
00000000
00000000
00000000
00000000
00000000
00000000
00000000
00000000
00000000
00000000
00000000
00000000
00000000
00000000
00000000
00000000
00000000
00000000
00000000
00000000
00000000
00000000
00000000
00000000
00000000
00000000
00000000
00000000
00000000
00000000
00000000
00000000
00000000
00000000
00000000
00000000
00000000
00000000
00000000
00000000
00000000
00000000
00000000
00000000
00000000
00000000
00000000
00000000
00000000
00000000
00000000
00000000
00000000
00000000
00000000
00000000
00000000
00000000
00000000
00000000
00000000
00000000
00000000
00000000
00000000
00000000
00000000
00000000
00000000
00000000
