44345660
00000000
FFFFFFF9
20322340
23020000
00220043
23225344
24344324
32430203
32230044
02242452
52442432
33435344
30030230
23000020
00025524
32244323
24045004
44443333
03202004
03034444
52343444
44243434
30355250
43464354
45653323
33020243
42040350
33443403
44254350
32433033
02023334
02000000
FFFFFFC8
44444044
55334524
44333433
52443544
46434422
45254555
42055454
54204563
45430566
44355423
34254256
54525204
55454435
45535054
34225554
24344543
54455353
05453545
22544353
24554443
60550640
55345056
36443243
24403405
03363344
42456655
52540452
33335235
53245453
55000000
FFFFFF65
64056345
24045355
46444203
33353544
04533450
55534534
54255555
63335452
52334354
50240322
40425023
42450043
52544352
20455023
44034245
35400254
44445243
40345334
52544445
55544555
43530335
55044244
24333404
34546420
32344225
52454554
34343023
45334333
34345445
03000000
00000020
35544435
25535534
44033344
33642423
30433452
53443253
36005033
34440354
04404400
34035034
52443243
04544553
55026535
22332420
44244422
35320233
32353365
44433345
54443243
35442542
65004303
43344434
42403500
54354244
04244224
40442543
54334043
05225325
64403332
04000000
00000010
42324304
44254255
44432520
34452440
33034003
20434235
33523453
54344320
22432444
34340353
43063243
24300420
44444300
20304320
44324252
00202552
00330455
25304034
30204434
45455023
35442322
02243440
44340052
24325443
50504430
40230235
04404402
40030340
52032043
44000000
00000002
00000000
00000000
00000000
00000000
00000000
00000000
00000000
00000000
00000000
00000000
00000000
00000000
00000000
00000000
00000000
00000000
00000000
00000000
00000000
00000000
00000000
00000000
00000000
00000000
00000000
00000000
00000000
00000000
00000000
00000000
00000000
00000000
00000000
00000000
00000000
00000000
00000000
00000000
00000000
00000000
00000000
00000000
00000000
00000000
00000000
00000000
00000000
00000000
00000000
00000000
00000000
00000000
00000000
00000000
00000000
00000000
00000000
00000000
00000000
00000000
00000000
00000000
00000000
00000000
00000000
00000000
00000000
00000000
00000000
00000000
00000000
00000000
00000000
00000000
00000000
00000000
00000000
00000000
00000000
00000000
00000000
00000000
00000000
00000000
00000000
00000000
00000000
00000000
00000000
00000000
00000000
00000000
00000000
00000000
00000000
00000000
00000000
00000000
