76464656
70000000
00000009
53350304
30000023
00244220
32334443
45230020
24023023
33333055
34220552
24334440
55544403
35425324
44000000
00064252
25555534
33265405
03324322
03002245
22404444
55432443
55443000
35455444
25645344
45564304
20032345
43552454
44344253
43304454
65353032
34424034
35000000
00000017
54304434
04253023
03046543
44406542
34342430
45423645
45553525
44044644
54323542
03330440
02544450
64546535
63553403
24440545
44543025
33522454
54343402
52544224
34425424
05556545
43535534
55435423
43304355
20545555
64362524
43255403
45543434
34055542
33433554
34000000
FFFFFFDB
53434454
34324352
44533454
40430442
25404555
43343355
04232345
30334352
55554043
35554545
54544330
04430344
44555053
33350553
44440444
42432332
53322040
52000423
55454553
54443335
56554542
00453340
45050335
03635450
54403505
43432335
50455533
33244323
34203435
43000000
00000018
02302434
34530325
34444455
25534305
42545444
20335504
32044043
55565454
32032403
43334430
23504635
64420432
40422034
40234424
50254203
00405535
33434342
53354554
43334332
44505545
30532334
24403056
54355524
03343453
34340535
45523344
40303444
42023403
30522545
52000000
00000045
33452530
43444424
23504332
40440430
44455205
33444424
54454350
44304054
30300400
30004043
32340034
42534433
44334433
42324043
04405202
44343453
44033043
24433203
30402333
44043230
23004444
50442240
44335343
40500344
40234440
25035503
04434424
44443453
44355345
23000000
FFFFFFFA
00000000
00000000
00000000
00000000
00000000
00000000
00000000
00000000
00000000
00000000
00000000
00000000
00000000
00000000
00000000
00000000
00000000
00000000
00000000
00000000
00000000
00000000
00000000
00000000
00000000
00000000
00000000
00000000
00000000
00000000
00000000
00000000
00000000
00000000
00000000
00000000
00000000
00000000
00000000
00000000
00000000
00000000
00000000
00000000
00000000
00000000
00000000
00000000
00000000
00000000
00000000
00000000
00000000
00000000
00000000
00000000
00000000
00000000
00000000
00000000
00000000
00000000
00000000
00000000
00000000
00000000
00000000
00000000
00000000
00000000
00000000
00000000
00000000
00000000
00000000
00000000
00000000
00000000
00000000
00000000
00000000
00000000
00000000
00000000
00000000
00000000
00000000
00000000
00000000
00000000
00000000
00000000
00000000
00000000
00000000
00000000
00000000
00000000
