66655467
70000000
FFFFFF4C
35523333
22203334
44235232
23446433
34505455
45544432
43042245
53400323
53234430
43535050
40002000
02000000
00033030
03034552
43244555
55454000
02322233
34205205
40443423
44444445
44435034
35550364
65562320
33020404
33054353
05342443
43400000
33345544
43320204
33000000
00000022
44204553
35235402
54505334
53343535
25535352
54455404
33240205
52354525
33334442
35524525
44433035
24343433
44032324
54544343
44434554
53455443
34403235
34345440
44555005
45655535
55444034
54022534
22233244
05245332
54454455
44455263
33504542
45240233
45434405
52000000
0000000D
34352003
23435235
54224235
43534535
34450505
44530534
35400453
34325204
40434540
03343543
56442034
55443200
24354534
35355035
45600344
44530233
44345352
20324504
54504404
45323444
42455355
40334445
54245545
32532245
55350254
52343455
44534545
44532453
52454040
35000000
0000000E
43534433
02522004
23455524
45300323
53240442
03544433
55303423
45055534
54453432
43034534
53445340
25544440
02444543
23354044
04440533
43233244
34445454
33044323
44454503
43435424
54445230
44422542
53043303
50330453
32333303
52454434
45434224
03230544
44550334
24000000
FFFFFFC5
02340050
33035305
44344434
43444200
04334450
43333535
33033052
45054345
42543524
33525544
33032444
34544442
20040003
34344242
35542203
45523353
45224433
05434505
52352244
44350340
32544442
43503442
30324043
43404243
40424240
33433444
24424544
34252343
44324055
04000000
FFFFFFF3
00000000
00000000
00000000
00000000
00000000
00000000
00000000
00000000
00000000
00000000
00000000
00000000
00000000
00000000
00000000
00000000
00000000
00000000
00000000
00000000
00000000
00000000
00000000
00000000
00000000
00000000
00000000
00000000
00000000
00000000
00000000
00000000
00000000
00000000
00000000
00000000
00000000
00000000
00000000
00000000
00000000
00000000
00000000
00000000
00000000
00000000
00000000
00000000
00000000
00000000
00000000
00000000
00000000
00000000
00000000
00000000
00000000
00000000
00000000
00000000
00000000
00000000
00000000
00000000
00000000
00000000
00000000
00000000
00000000
00000000
00000000
00000000
00000000
00000000
00000000
00000000
00000000
00000000
00000000
00000000
00000000
00000000
00000000
00000000
00000000
00000000
00000000
00000000
00000000
00000000
00000000
00000000
00000000
00000000
00000000
00000000
00000000
00000000
