66565406
70000000
00000010
44440404
52344654
66044223
30445304
43365005
00222345
43553334
43305555
55055545
43030040
25333032
35000000
00040534
54252452
32554566
44556500
20333444
45503655
34344034
44554554
55264253
64453544
00550332
00344542
44452444
44004454
44245335
02344223
02220320
03000000
0000003A
25654554
05364454
34455425
24303602
03540522
34342553
44444234
55535554
06203423
45445054
54455535
54255403
35354044
50324400
53444444
43354365
05223543
34233302
55554224
45545255
55435334
23445442
43363433
34204454
32552466
32544652
45452354
03534354
50254433
30000000
00000035
56434355
35454555
33340443
34504234
44240045
30543445
05534555
54565023
54054330
44424533
54505653
52354444
44555534
44434534
04036344
23344203
25405553
34322254
35330442
45554662
52342243
44543035
30363440
35523453
54430543
04303334
43003554
24530040
44434443
50000000
0000003D
34554343
33235000
42434305
04424250
30344544
03344430
43334353
35445343
46344443
53354453
44542433
55654544
44243434
34443443
00320243
44225523
44454504
25504535
45424004
33562404
34343343
54434050
40353024
05303445
52342444
43345425
35424442
32453032
45203446
64000000
FFFFFFD7
43320442
43032033
05324042
24223422
04253433
30024303
44433442
55353023
24504423
64553443
44553345
04223433
40234343
34220055
34550325
34344353
55245352
22430335
30520200
34344023
25343424
44353340
25422242
22444522
54035002
43343342
05335444
44242402
20045245
43000000
FFFFFFF6
00000000
00000000
00000000
00000000
00000000
00000000
00000000
00000000
00000000
00000000
00000000
00000000
00000000
00000000
00000000
00000000
00000000
00000000
00000000
00000000
00000000
00000000
00000000
00000000
00000000
00000000
00000000
00000000
00000000
00000000
00000000
00000000
00000000
00000000
00000000
00000000
00000000
00000000
00000000
00000000
00000000
00000000
00000000
00000000
00000000
00000000
00000000
00000000
00000000
00000000
00000000
00000000
00000000
00000000
00000000
00000000
00000000
00000000
00000000
00000000
00000000
00000000
00000000
00000000
00000000
00000000
00000000
00000000
00000000
00000000
00000000
00000000
00000000
00000000
00000000
00000000
00000000
00000000
00000000
00000000
00000000
00000000
00000000
00000000
00000000
00000000
00000000
00000000
00000000
00000000
00000000
00000000
00000000
00000000
00000000
00000000
00000000
00000000
