73774664
60000000
FFFFFF96
50040223
44225432
20255543
55305535
35002460
44244320
20200055
44346455
43354445
24344035
33303333
00000000
00054234
33235534
34555550
44463502
40233022
55505505
54552420
04543334
25065634
65454545
44632320
00230446
55333544
44000245
43543423
55633503
50344034
44000000
00000038
55522424
45244052
35523433
54425543
54654555
52044455
42452434
55544060
55454266
45305433
35544244
25425255
64554043
35244444
45244062
25426035
53225635
64242333
40340256
44345340
46524334
44204550
23243344
32442325
42454002
04343455
45545245
45503405
55642442
53000000
FFFFFFF9
44444245
00033324
54653432
24404423
24553350
25440335
40334535
55533544
65435402
44534430
43342342
34404553
55402434
34435245
43344333
23543440
53424245
23644544
45324244
43034432
24033324
33444334
05225305
44445055
53454433
03332443
43404255
53522535
64464030
03000000
00000021
43432344
43344035
54045423
42020523
53465544
32000354
44543003
53404544
20424435
53420044
54455553
55545545
54443324
20433032
04234234
32320422
44453343
00344303
04424503
53533453
44002044
40324554
42334052
33032243
24330420
44350353
05023035
34434555
50564452
55000000
0000009E
44402300
43440330
33442330
54422442
04422343
24324333
30043534
23330424
44354423
32053044
00040404
45542304
54204532
25334030
43434433
43223442
34204434
42424402
44400202
33430404
54344023
34544340
43424554
44555234
00034324
20004244
44343353
35555302
20203434
44000000
FFFFFFFB
00000000
00000000
00000000
00000000
00000000
00000000
00000000
00000000
00000000
00000000
00000000
00000000
00000000
00000000
00000000
00000000
00000000
00000000
00000000
00000000
00000000
00000000
00000000
00000000
00000000
00000000
00000000
00000000
00000000
00000000
00000000
00000000
00000000
00000000
00000000
00000000
00000000
00000000
00000000
00000000
00000000
00000000
00000000
00000000
00000000
00000000
00000000
00000000
00000000
00000000
00000000
00000000
00000000
00000000
00000000
00000000
00000000
00000000
00000000
00000000
00000000
00000000
00000000
00000000
00000000
00000000
00000000
00000000
00000000
00000000
00000000
00000000
00000000
00000000
00000000
00000000
00000000
00000000
00000000
00000000
00000000
00000000
00000000
00000000
00000000
00000000
00000000
00000000
00000000
00000000
00000000
00000000
00000000
00000000
00000000
00000000
00000000
00000000
