77664647
70000000
FFFFFFD4
44343323
55554552
02203333
44334505
40542230
04205303
30232354
42345444
54353353
00020232
44034403
50000000
00000444
53355533
23544445
44555500
23002000
05325533
44343002
45445455
45525435
54455544
05542232
32222505
05405433
04302444
52342354
33033304
43233303
34000000
00000035
54553465
64343045
46344435
43532500
30425550
53444335
34345425
25405454
52455555
54543432
04340034
23252303
43433443
50543005
04532455
44242653
04535546
55504524
33504335
00034025
55543334
44323442
04620454
35432345
63540265
44233620
34423254
33454445
45253223
34000000
0000000A
30045404
04562354
24524423
44545534
54325540
25454024
40455635
34435425
42642543
25045055
46505443
55034304
55055325
35445604
42452304
30524234
24324435
54543424
43433404
43433032
42034434
53644424
42426043
32445643
54036434
43233052
40043244
35422324
40444432
53000000
00000056
53444242
44234434
54524204
34445334
34453034
43022044
32454065
55552443
24433544
00403444
44034452
50553550
54255554
45535244
54562444
35435454
42543424
55403305
55042504
44450055
35435302
23265465
44446434
54442530
03234345
50450543
44243500
32234035
55440652
55000000
FFFFFFD6
34024203
25554444
35342523
34503040
34044242
20433403
42340530
30003243
43533404
66504344
25444333
35534322
35430442
23403343
24434243
34250322
33234222
44564442
45430403
40250005
45025340
35225422
33320433
33022453
44445503
33343343
30442440
54040323
05343340
44000000
FFFFFFEC
00000000
00000000
00000000
00000000
00000000
00000000
00000000
00000000
00000000
00000000
00000000
00000000
00000000
00000000
00000000
00000000
00000000
00000000
00000000
00000000
00000000
00000000
00000000
00000000
00000000
00000000
00000000
00000000
00000000
00000000
00000000
00000000
00000000
00000000
00000000
00000000
00000000
00000000
00000000
00000000
00000000
00000000
00000000
00000000
00000000
00000000
00000000
00000000
00000000
00000000
00000000
00000000
00000000
00000000
00000000
00000000
00000000
00000000
00000000
00000000
00000000
00000000
00000000
00000000
00000000
00000000
00000000
00000000
00000000
00000000
00000000
00000000
00000000
00000000
00000000
00000000
00000000
00000000
00000000
00000000
00000000
00000000
00000000
00000000
00000000
00000000
00000000
00000000
00000000
00000000
00000000
00000000
00000000
00000000
00000000
00000000
00000000
00000000
