76440754
70000000
FFFFFFE1
44330235
43040444
55020240
25255333
35454304
00542533
54043054
44005342
43040244
03334302
00042342
43000000
00004534
54444443
30424465
53464402
00022325
55543640
20220035
34534345
43555455
63544553
55652332
23323052
35002423
43224423
22222244
24433354
25344225
33000000
00000033
44554354
63452344
44225430
65265045
35536545
44554454
00444445
54553504
04224543
44324402
34305543
42433203
40433505
33244430
32453436
44345425
54304054
44555465
32355353
20354340
43545532
35445440
06545302
53443523
24302225
05350345
44420455
45250355
33553325
30000000
00000029
20545402
65545545
45423355
55640043
33254344
04255044
33230432
34224444
32542035
55544354
43443004
33554403
23444302
04333454
53345455
33423225
53545653
34344434
44534545
52434455
24554404
20443423
50035400
54462423
32344433
54334465
45033350
45443405
45025044
45000000
FFFFFFFC
05434345
64354345
05445223
44344534
34425304
20455532
32354252
26663033
42320542
34443043
24234525
30234043
54425444
35540240
33420504
40403332
54543443
44033224
35442443
03554345
44430343
65544444
62334445
44323344
44445320
42320324
50040363
45233505
00420444
03000000
FFFFFFAD
42040034
23340244
33404442
03444430
42400453
03335434
25224435
54354540
44322003
02444202
23000325
54444033
30245543
03420330
30024435
23454435
45335233
40322230
04223243
55534000
43034243
42553230
04244444
35234230
40334344
02302424
05024200
40333444
53330404
43000000
FFFFFFF3
00000000
00000000
00000000
00000000
00000000
00000000
00000000
00000000
00000000
00000000
00000000
00000000
00000000
00000000
00000000
00000000
00000000
00000000
00000000
00000000
00000000
00000000
00000000
00000000
00000000
00000000
00000000
00000000
00000000
00000000
00000000
00000000
00000000
00000000
00000000
00000000
00000000
00000000
00000000
00000000
00000000
00000000
00000000
00000000
00000000
00000000
00000000
00000000
00000000
00000000
00000000
00000000
00000000
00000000
00000000
00000000
00000000
00000000
00000000
00000000
00000000
00000000
00000000
00000000
00000000
00000000
00000000
00000000
00000000
00000000
00000000
00000000
00000000
00000000
00000000
00000000
00000000
00000000
00000000
00000000
00000000
00000000
00000000
00000000
00000000
00000000
00000000
00000000
00000000
00000000
00000000
00000000
00000000
00000000
00000000
00000000
00000000
00000000
